wallet,score
0x00000000001accfa9cef68cf5371a23025b6d4b6,850
0x000000000051d07a4fb3bd10121a343d85818da6,850
0x000000000096026fb41fc39f9875d164bd82e2dc,850
0x0000000000e189dd664b9ab08a33c4839953852c,900
0x0000000002032370b971dabd36d72f3e5a7bf1ee,900
0x000000000a38444e0a6e37d3b630d7e855a7cb13,1000
0x000000003853fcedcd0355fec98ca3192833f00b,850
0x000000003ce0cf2c037493b1dc087204bd7f713e,900
0x000000007858e6f2668e1e06111cfa24403a5466,850
0x00000001a0f57e850c9db68b4a9bc34677437c5c,850
0x0000000506063a51c6ce59906d8c40f7d7fe92a7,1000
0x00000029ff545c86524ade7caf132527707948c4,1000
0x00000087c4cebffb95746d1935de7fbcab092f40,900
0x000000e28faa823d5b53ff6c2922c28335840375,975
0x000006eee6e39015cb523aebdd4d0b1855aba682,750
0x00000a9c78912badb92d73b6ed26456e11def5eb,850
0x00001bc47f0973f794f79c16121cee879e272d6a,900
0x00002b503a75998c97508916a74fdb41934fa030,975
0x0000897253cc85f7547317eb2080b36b3255687a,850
0x0000b252c943089fbba5554a1d196ef79bc77e4f,850
0x0000ce08fa224696a819877070bf378e8b131acf,900
0x00010a708585ba4812a1c5976182626c75cb7a6b,1000
0x00016fc0c9f7620e920e1423fd455f9574f48025,850
0x0002761e848b24046a53d494847b11a3e1d36b09,850
0x00027e45436f11ec8549b7d5e0b86748ee61c13d,850
0x0003816b25fd3d6c112eb65c089760fa3f791947,1000
0x0003bbb966655dc0fbbb380797b07fc547e9ddc5,900
0x0003d4fb942d0cad7fa1b658ad6d46ef6c15f11b,850
0x0003f46779806fe779e7f30eec95dbdb4d45840b,975
0x0004849537dab5c33fc8c494d05313dfbe2d99f3,1000
0x0004a89403e17f544bfbd25ecb1a7d9215a1d61b,850
0x0004d4112ee696dabc22b221bef156ecdaeb1a59,1000
0x0005696d4be2359526c497fe4a4c0620b41f2426,1000
0x000660cad76200a2e326f53e033919905e6c50f5,850
0x00069a4bf1b2a8d5eded8e91347dbaa70796ff54,850
0x00080000158a9930aeb508823103b0a977161c47,850
0x00099b1263c22ae2ce0a52624cef2a012e751970,850
0x0009ce45d5df78e632a0b4987079432dfba2253a,850
0x000a27ba176083e4b50177378cbe7469a00dd557,1000
0x000a3d1bef684a7c029267a26068de56b1c1b4dc,850
0x000ab43e658935ba39504a1424b01756c1e9644c,850
0x000bc61d0a2dfee19346ad4d1fce2fa3c099e0cb,900
0x000c8e2871750f458bf1de8ab528dda09bc95db6,1000
0x000cdb5d7a2cda2947603f2993f05db57e3197dc,975
0x000cef8f0ab0a2fadbecaeb92e8781ab3e04b01e,1000
0x000d0ccd6b0e27ce38018b1304ef4f2cd345b636,850
0x000dd5baf04ffe492508f5f45ac3d9374b193f57,850
0x000deb0c92e6d3da7f77ed01b8473b3f7f4efc39,975
0x000df66a4ac5991f672ae2db1e8fc38f1e7d46d9,850
0x000e840a3122ec28d0c29321db172375cb049762,1000
0x000e9bd1d42999446d60ff60f1fb3afb13604202,1000
0x000eab293e332bd6e67018a9150e8807bfac3233,850
0x000f3b3cba440b4bd611d2ac4b6271400fb1e4e1,850
0x000f4432a40560bbff1b581a8b7aded8dab80026,1000
0x000f7f22bfc28d940d4b68e13213ab17cf107790,1000
0x000f908720f9ce164d90f4fc89459fab4442907f,1000
0x000fbfec300959d0f2f327728a889c1f5de8e2df,1000
0x0011730224657eb527cf736039854c3a3f140e63,1000
0x00120ea6fdbaf057eadc1bd149f957488444e92c,1000
0x0012668072f7e0579caf7e047713d8b6d476d0db,850
0x00129c4ce6be31b273de64c65ff3fcdd4706a002,700
0x0012a7f00af8a643ba5a6aa187f915b4c13289df,850
0x00130437654e7e86cbbeeaf34f4771df6a1fb45c,850
0x00133f29e7d424f4e5773532b3fc35d020e9c54e,850
0x0014dfac19477a83d7354e6eaac28642c1959398,1000
0x001589fe1923c2118f34e4277f2ef650fcbf0161,900
0x00159370cbe576b765a7fb2e78582e0cb563d445,850
0x0015b3f0266cd7b1f4105cf8180d37e7bd0ccead,850
0x0016469a65facda9e86fd0ae0e9661128843c224,850
0x0016dcd1d3c93067dce5bb30dc33258f36d33308,850
0x00183135585d70a523d61b2e43037a7138b36906,900
0x00184e8aa1e95f491f2d9601e12b540092160ded,1000
0x0018583d7654803d2c59467e10dec5f70bbe1851,850
0x001875a076b3cfe1c9535d76b0345c16e3d61118,850
0x0018d044b946ede86b43bb3b964a45772a5abeb9,1000
0x0019971fb18fbfc9108d90eb2cdd4d5a0a897eee,800
0x0019bd9f6142943f3a03a8a62d0001a95213f555,850
0x001b024b98ee862aa01eea595c4c16a0213d2611,850
0x001bc3cfc3eed892dd6de07807333f2b05c5b4e9,1000
0x001bc97d92e1a30b02d4e75be25f06063555d556,1000
0x001be549fa377710b9e59d57bbdf593ce1e379ca,850
0x001c88d92d199c9eb936ed3d6758da7c48e4d08e,850
0x001d2a3192a49e28cac0a7abcaa916648c62b982,850
0x001d4aa3f14b6e0019e5615e9c8eb50659061220,850
0x001f96b7e19a54ae45f451b0148336504d03fdcf,850
0x001fbfc5e2b56d372d642f5f1b52b5cde4584779,900
0x00202f8f6bb6f100241ce0726922f2bd4c7196ee,850
0x0020c5222a24e4a96b720c06b803fb8d34adc0af,850
0x0021be1d33a577bf5ede730a6b5d5d9f878ba7e4,850
0x00222d56e0509a5e9ab05c588c548290a5e9f876,850
0x002379916ac42a432f3b53f16782d33267debb4c,850
0x0023aa0d5d1675d6ccbe0aff5d6afdd0bc61d2be,850
0x0023d9ffe7d793895c5da5833d56c737832ead2b,850
0x0023e0f24acc95e838f76f81ab3d69e40b9b1933,850
0x0023f4cbb5d47ef377af97fc5c7399b62e31e0ff,850
0x0024461e7a8ce7157866eaa4c24b702d328250ce,850
0x0024511a019f836ddd88902bb516b4f0b3a2dcf9,850
0x00246f7813397868b1beec56e1677efa47816dae,1000
0x0025a856d01a898bd52286d56c52323b13937b65,850
0x00261d225db379b3fc74cd0228d6f90582d39035,850
0x00262ffcfda82b5582d1905ca05b849f196b0419,1000
0x0026bc865efa2fb74d18c3be5a77c780756e50e6,850
0x002729e3173b9fc6abcf03eb2d754b0e2ae4edbd,850
0x002761f50e9c9e98e4ca367ef215f3643eec9dd9,850
0x002775390698ef16589bb22bba37ae7906ae2f36,850
0x0027c6cd01364a3c5d29f72269b36dfe85628193,850
0x0027f7335d610f15b325baa5798414548720fcaa,1000
0x00283b611db7844cb5677b311afd67c8e3078518,850
0x00296e3cb10f1ddf6be160aa9722d7a288957b66,850
0x0029ab135b5be72168bf80f140d60a9264dbd0c5,850
0x002a63fb3bb81ccc222e2d8192eb95a5767a2151,850
0x002aea16059a7d4bef638a03b61a9e80ef07e745,900
0x002bb13a55bf4525f02717708dd4534ecc475193,850
0x002c77a71d54e6da4b28690fe1676752a74a67eb,850
0x002cd2707daccbd5f3f192a565fca0a2cea021a6,1000
0x002d2715b179d0db3e17cc28317a98f2f65e6884,900
0x002d59b6a7b3483c8c1ef38c90cbe7790aeaea50,850
0x002dcc4d0ad0bdce1c444ad0bb4d51ac7e61d62b,900
0x002de04d579930686698abab5f48bda0b24fb9fc,1000
0x002e5e69ae7c8999834ee24aeb5c26ad05433820,1000
0x002e7ea05d6721a04cd36ab5e9f2c72338d7f7f3,900
0x002eba74e10ff40a1bc1cfa2b9684f9e28f8dea7,850
0x002f93d5a1ca66a2a64b490bd0a0291c1a1c02b6,900
0x0030040e8d836ac3e546c354f9b373e70a14deeb,850
0x00301da1d3b20fd6b8451a791a8b1a5e20599fb8,900
0x00305f0dc87d6bf12ac07e37ac0d2336d5906b93,850
0x003064605a8677d5b2e8def620ac67d8f1f1b5ed,900
0x003094a91a3b5523bc601b221f80183bd347e9ae,850
0x0030a2c2268c9faafeae8ea22802db8b3c87f82c,850
0x0030d58fd7c5af92c6e9bbf4d06255b6a9d1490a,1000
0x0030de8f624d2b2513c6dbbff788bb109b80304d,850
0x0030e3b40e23f92bd064457fd1fb848482a0bde5,850
0x0030ee334630838ea4dee0b4b6ecbc973529031f,900
0x0031fc2cc920357b9767ab93200c5bf69c43e8e7,850
0x00326e37cef76788f6b0cf643c94481d60bd3d58,850
0x00329e92ed6fd0a0ef76da9c476d51faeb6b26a0,900
0x003325d3054cd7668fb16f19ea11bae6d02a474c,850
0x0034baeeb160a5f1032b6d124d3e87cc94d74e62,1000
0x0034d2a08772822866b08d2c585e5c8e25723760,850
0x0034daf2e65f6ef82bc6f893dbbfd7c232a0e59c,900
0x0035e2e614e53a5ebf5a518dede926a7fcec4f91,850
0x0036472d3ca5e7ab22477d62682b2a3d9436d328,850
0x0036534c48a754163f0f446601f36bcfda840f57,925
0x00368bb9dba2ee83f3553feae59710b9c3743e09,900
0x0036a2f1f6136bb9d7992f7def692126a279e702,850
0x0036a3f98bc84afb07fe42421f5a14cfe3c33219,975
0x0036bc671c03460dec7d0ab24f45df0cf33d042b,1000
0x0037643e4ec2b622270676e9e7aa163b261cfb79,850
0x0037aca1c1c45787a95c11dfaabed6308dc2ff80,900
0x0037daf6fb154db55110ced85cb4ba9e1204ca17,800
0x0038281701bf3f51fdbb18903c6e18776780a9a1,850
0x00389de87cae34a6f89e13cc8225c4984add8b37,900
0x0039e71541bdc798d062346bce94230bf519bb72,850
0x0039e762ecd8e8f074e93575dc395abfce4ef8b6,850
0x003a85c562730b196f7cba202a2515f2ff855736,1000
0x003a969ef82e876824b4131a1bbafbdb46a2ca90,1000
0x003ae57782ab0f390908f8d7a3a9680bcfc62ec0,850
0x003ae6c26a2655eb54c1e53b03a266d97f3512e6,900
0x003b2816d976cebbf0cadec981ff59286b6d7f2f,850
0x003be39433bde975b12411fbc3025d49d813a84f,400
0x003cb0842811db8d115e28f13048dd83db391dcb,850
0x003dc03b7d7fe265e1c1db88bb1c6b1e6bcd06a7,850
0x003e41b4f19f27ab2a07c19abe2d99ecb492ce62,800
0x003e9a119439ef34de3237034cee95675b01d5d4,975
0x003ed65a094ef804c934f2427b601e03113882ff,850
0x003edfecb016131dbd485c72f3b6f2e98a1429d9,900
0x003f705c2e62e268891d8aa2724e32f2176dc963,850
0x00402e826833fbeb6f67072f3df3c8554a0b10e6,1000
0x00405f7b768a9a6b81e8060a17f0550501acf6be,900
0x0040932d4c252856709b24dc406244392d3df400,850
0x0040daac32d83c78546ae36da42a496b28ab09e1,900
0x00418b8ea6c6e2d5676f651bf76a368adb845e91,850
0x0041dac13d9365b4d695fb612950dc71884f8db1,975
0x0043090d0a3338eb89914ea9af5c529e928a044c,850
0x0043260ff376a32f335de2091e8bd455d74ecef9,850
0x00432772ed25d4eb3c6eb26dc461239b35cf8760,850
0x00432beb667c8908a74f35fef62882b502347e61,850
0x00433d27687ff685d3871395d7fedfd42b1c3529,900
0x0043f8113eb1257bc6314fe0434eec0d9bac3837,900
0x004403abb2246c48ac770e30e7b36e3b16e152a1,1000
0x00447d3b5f40e1bb71766b5ffc656f5391f6e9d8,850
0x0044803a27c6c45babd3fb7affb80b3f913579d7,1000
0x0044f0ab1281b2bc850bfa39123dec1e8e09001d,900
0x00452d3fd0e6bd68943b30af56a8df4eb7685387,1000
0x004624a132094f106e977c369c8f2e1ebffb2ae1,850
0x0046d10482bc3ae87fa4cb550e36706addf2304a,850
0x004815f49c32e9ef6341dc2d53411a59de5a2daa,850
0x00481898361901f3e49bfe3e40872d09e93c2c11,850
0x0048e6fd005224e7e9f00058c630307f0710a84b,900
0x0049436d8c3da52d604cdc390e45026b2662d7f7,975
0x00495585ecf70ad7dd71797c2a22951ed92b9a24,1000
0x004965f85a3db4d5221189595141ecab247b115d,850
0x0049d23daaafeaac69e336ffe9dcb9ca14dac781,925
0x0049f39431ab794a381deca90fa7ab85e60e6ebb,850
0x004a61f49faeab28ac5cc72ed26a7114d134362e,850
0x004af1171e5783d1223056a700e992b0eccf6191,850
0x004afb002e3fb33c833fc16b6b63103bbf97312d,750
0x004bac9f45af6848ffbdf0dec8f47023ccd7a138,850
0x004c572659319871be9d4ab337fb3df6237979d7,850
0x004c5993adfd45da327f82ec7581a6ee736bf4cb,850
0x004c788aecdcc8ae214519737576d67da3c7334a,850
0x004ce54398cc569a622bf5a99ae857306243c8ec,1000
0x004d71c111862702272e6beccdaafb07c9b96c37,950
0x004f137c71b3003c7915bd6aa3a4f57e334a738e,850
0x004f9b61222bcb6214b7dcd87ebafa0ac2c74440,850
0x0051337e53823325b9df640f8bac7c7a7dcc4b19,850
0x00515e4f8a5c52a526f48c3ea07238143e2c04fc,1000
0x0051e6e6cde6392c01b4cf6b97d9f5c50ec9817c,1000
0x0051ed91501bdefede70975ec9459a0dd3c5657b,850
0x00520ddda78809f725ba3ac696fc8dbe9ccaef91,850
0x00526e91ec022d8596bda04092071c1da6b5322e,1000
0x0052c9f2cc95f743412d6daaf3c93bcd1793479d,850
0x0052d655d117dae79d897213af1d4393ab32c739,850
0x005399ba80babd299512e9efb4e0e764f673405c,850
0x0053b5daa6d4c2e3d16f2b9c10dc04e92b14a818,900
0x00548bf85d26850ad7ad55ca90ba02572349f648,850
0x0054b73e9add0a26ca2a81635c6ec0a0eb75b77f,850
0x00552481817c28f473f4cc61538db6536015d906,850
0x00553b963de06016c68681c9bee10a79c51c5d8a,850
0x005547e9fa569b6835204402138146861e901b06,850
0x00560340190b7e9a1027fb5e72858a8298588303,850
0x00561a0d394a2cad87c811615f72b61cb0ed3faa,1000
0x0056323f02bb16de8025a79ab09e1dd5c8114602,850
0x005661a7a441451fafdccd579905a7dbc79fd538,850
0x0056bcfe33f5c6dfa62b6d3d3cf5a957429828bb,850
0x0056d1fd2ca3c0f3a7b6ed6cdd1f1f104b4bf9a9,900
0x005711ac01b67981d6b627c09470cce29dbd3353,1000
0x0057abf4b6b95cd42cb8c197e78b934d45679432,850
0x0057aef39caf4085bf3f91661eb2e6e6f513244f,850
0x0057b22d4385adfbc48a6581b141e04acdaf7768,900
0x0057bd83a142da84b6404616c683e21e7dd6fa5f,900
0x0057bf0e2082921a880500ab18e716c46c54216e,850
0x0057dbd2cb881113aa7b55e4ce62af8234519e01,1000
0x00581eb036db4a48fbaa59ec7745e316bbd1cc76,850
0x0058873fc9eeb9906ae1135de4f84a9ef1bfba62,850
0x0059221c8444995878e9a82b0b2d732fb3da913e,850
0x005a61772557bef9a3e65a7b87eaccce34f2700e,850
0x005a75e089206f1c5b788a16a5dd54cbf6dd5b9a,850
0x005a945c426fe1f2eb3c4b04585a2427f7a032a8,900
0x005ab5979532d34dc60a4582597464df0b5a7c87,1000
0x005ab79a1b5982604cdc066565499d90c550e001,850
0x005ae07a1782019253917d76334a0579ac3a9b64,1000
0x005b0743d8b2ed646499dc48b64b95e71b8afa43,1000
0x005b35993837ffbc6ebfa08d2e4ac40fdb0a63d1,850
0x005b5489aad85ecf95142ba14f97bba3b5d13a1a,850
0x005b8864b832d250e97996febb2b6a10b4562fd1,1000
0x005bf9036a459545ec86252db2a37667a5823b94,1000
0x005c7aa4001747cd4bf25c777318a13191a182ac,975
0x005ce2b15bd5fa54f2a7667405d8d45a765088cf,850
0x005ce3720edd52ef800ed68bfe29114a7d86e623,1000
0x005ceac16427ed612040519f078d08570eaf7688,850
0x005d25ac8fe00ec22e8b0f34d7a5f8e00217fcd0,850
0x005d9ffbbd210f6b04d7f0880f5c49130d38ff0d,1000
0x005de910a2a04e1efe9eb4c3e2aca7744ab15ed7,850
0x005df03951fac36e8cc39b7d03eadf00829815b4,850
0x005e105ad9c1a60512e6bb98fdaa1183bd341f18,850
0x005e5cac6eb7637edf689403e01b86bda451ef61,1000
0x005eba6d8c2af1e7058d7c22e23999188fd15339,850
0x005ec23381d0b33407fcdedd2df7facd769304cd,850
0x005f16f017aa933bb41965b52848ceb8ee48b171,900
0x005f4ed154aec7b147190c97d3f2535fc8360b12,850
0x005f73c6a7233e4e6bdb5041d021fa36b6716b2f,850
0x005fe33f474dd52d8308b470c2503fd6ffabe31a,850
0x005fe34dfd8c3b7994d608a374cedcc44b73e0bd,850
0x006002bafd83794a35b3d63fb00bfce00f4557ed,850
0x0060f329ae466559db2e692b24252a5163bf16c3,850
0x006106679868ffbeb8bef8788be4d59571a13053,850
0x00626b79d2972dfd10463e1871f8edcf8aae5bb3,1000
0x0062cb1c249a8579e155794dc86960e4f88af402,1000
0x006366325c813728f871c16a7703b818ee1ac6f1,900
0x0063d9477fd76b7c9732917b3b884d918607a804,850
0x00645acbda7635b02a8b517d49ef6cbd028962e3,850
0x00645dd21310882cc32399abcb54e0a05b3b5d1d,900
0x0064f7e15fdf96a5225d4cc07b38eef45c8bdc46,925
0x006501f106d155981aac18b4d31a6e14d1e55fae,850
0x00651f6724f748af9315f720d67ef9ecc3139bdf,850
0x0065245cb87fda9fc42e7ca9962a13da9a52345d,850
0x006551b8f041761e2e47bb4792b21e67786b3452,850
0x0065fb0daffbc3025516415183fa808b2b40b3fb,850
0x0066023b24edd70b7def47effbf2fd7617f9c66b,850
0x0066245819d5d387ac2209620741e721ccada64d,850
0x00668293095ef3ba3a62d566e2ac83fb81aec94f,900
0x00668bd79ede077b99bbe1c4db59418bc333d4cf,850
0x0066a75495069b7d760177aa2607a140b13aa520,850
0x0067243a8b83385457c53923a6cd0bc019b090e8,850
0x00677d8b6fda25b199539633a8cd07074c855cb7,1000
0x0067eec7ad35e72613d760e917890d1b7e876e4e,850
0x006850972a3144f2bcb0d37fbd7f84b26765d458,850
0x00694ba9219891081e07b31ebaf19abfd97e1acb,900
0x00695c7fcd8ee1517adb85c24547fc792613a5c5,850
0x0069d013b71c2d000fca70549d894e49b8e4e031,850
0x006a310554681273826624361a3177cd9f3aad1d,850
0x006acbf79f7c4580fa01ffa48085d832592f1b63,1000
0x006b64b48437695a2c0b470e22de9b8d3b866f52,850
0x006b855e1ce71d0163e41c17fac02fcdedf0ef21,900
0x006bcd94f74784887705d74884308172343855ee,850
0x006d0cf97d1aef07271dcce6d0bd60e8d98966ec,850
0x006d0f31a00e1f9c017ab039e9d0ba699433a28c,900
0x006d1df30df75bfa607f41b3a4d67d4be51fe910,1000
0x006dfe647e57d2cdaf47000731659c1f92ece423,850
0x006f030ecb2daa44fc1dede06a94e749bf3918cf,900
0x006f1973f3a2911fc15569d7787f51fb114db606,850
0x006f26845ed58e4503a0dd61c69708e3cc028cc5,850
0x006f74448baead5563915255c8fbc12fd7f6a5df,975
0x006fda5407be210b6d8d653b04859a748e84e64a,850
0x00702c8e7a704dbb88efdf09e532447530ab6d0a,850
0x00705d931184135830185bb284fb8ed277693d0d,850
0x007078c8001b515b14000cc78306072a5dfd55b3,1000
0x00707aa2eeff1ddb8b22bd1539f92818c9cb8a85,1000
0x0070bc9033adf1e49517f98304f41f778d370208,850
0x0072b1fa7a78e6e2df568563fb551ad2fb8c01bc,850
0x0072b9af9a7dc5a42091f01d3d22bcf298d398fd,1000
0x0073245e2bf4f38400634d4ba7527bbd34bfc6ba,975
0x0073894fff63595d6cca3802aad6b9ecf5491ca6,850
0x0073943c869d55da3b7c8ab40ee3c2a68b65fb33,1000
0x00752654dcd85f8e42e207ccf48212388fd7173d,850
0x00752fceceba64c2f5a18f3ad5f3fd8938b96a4f,850
0x0076b2f8ead986bb6de67735313891c0876f4388,850
0x0076bc177845e513018cda51be5e5f80f44aeb50,850
0x0076fcc7d245f6c7aaf07238adfb48adc62bdd55,1000
0x00778698bbc902543b596af6e7c0aa13b614162d,975
0x007821abbcc2da83df7fdf57520741d6ea1042f2,850
0x007849ce924f0a3ed1baccbff2742a3d1cdc7ac0,850
0x0078c86e12186e2de1ff6fef5f1ada2bffde4ea5,1000
0x0078dc11a5b751eb0e94d6c97cae29acf6e8579d,1000
0x0079228fa4e08e800883021b18ff0bc7937b3aef,850
0x00795ff7870798a332a99c3969406286259dce8f,900
0x0079bf6868cb1b7cf4a451311fd70c348f3ed38b,850
0x0079e0ce802e67adba53ac0e7927f45f6304ae6f,850
0x007b003c4d0145b512286494d5ae123aeef29d9e,900
0x007b212ac048a425d2019d14e7be4aeae3faf8e9,850
0x007c426ab1b726e3be68b37ac0ffa8aed94447bc,850
0x007c4bb067d9b6afeb4c13415477d396123c4aa3,975
0x007ce1895ca7a000e37a524399920ad7dae41f43,850
0x007d418f61454569a051b5a9d11112996a986bb1,850
0x007d42732fee6a2a8de421a06dcc02daf93e2b2f,1000
0x007dc697bbc1bdfb0988db00ebb3d17d52fdda3d,925
0x007de57773b6eb4ebbf6a740dfde1efdd5629630,900
0x007e4e679e14f17d62607418f546e2d97d9e5a61,1000
0x007e8e7ccdfc45f0a6319a3aa938203126f1d646,1000
0x007edad4e994b9dc1a1229eb6d4c852d08c6ed33,850
0x007f0596cce8ff85fb8091e410aeb5cad529ba4d,850
0x007f3da6715efd4b6994b7348b644b64b695d3b1,1000
0x007f4172d3dcd318d7bd0eec9325ad5e4c2bcc8d,1000
0x00800d9019001aff6e1eba3312e35e9b22d3f058,575
0x0080568c64209a91110f1333057f5e34a0e5b62e,850
0x0080a01a45d5e023435dc82970ec2681a5ae050e,900
0x0080bdce06d56ce3911ad7f73e4c3bbd577e267b,1000
0x008160cbce03ce9c914d9734c821fe96899185bc,850
0x00817ccd987f38563a46027758376123c870d263,850
0x008183a11eacc113e85007bd14bfbd6da3f687f9,1000
0x0081b2ec2af3f22528d6581e6554aaba5141e985,1000
0x0082a12e195b8f31660830132e72716225382075,925
0x0082c6c4decefca6626b5e66929fb2ceca7c994f,850
0x0083e235216ffe303c9db58e2eca7d69f99afd2d,850
0x008426fc298852d92a4a2b3607aa384a51c4b65a,1000
0x008450344d3518a45a2d4fd0425eea6a5c08033d,850
0x00847f96c75f1fd63f6d625a3342ba0123b20200,850
0x0084ac988560b4724413941a0a89f7ea57da4fe5,900
0x00850f22f6d422d8987f796a9f23fd9e45bda47e,850
0x00861fefcfef0a542b0a6c90ce1ee575e257a6c7,1000
0x00868d173cf4463514ce9cc871f06edb1f3b16c4,850
0x0086bf55d1e7225d1faf4f17ccd48983b0146cc6,850
0x0087899a5bf67ca95147d3ad6b76907288972055,850
0x0088092651027c8566be1011c29f3a71eebe5efe,900
0x0088b7a2ee442d30dc18b5fe9e3227af18120b02,850
0x0088ed232bae631195655bb31da1ee5a61ebd5ab,850
0x0089b988ca94bf62cd88a5af10e5cfc9432ef568,850
0x0089ca86f688fd3c2efaf737a28f52b0ce1ef380,850
0x008a34511b9808c41237d7568e409141ab10796b,900
0x008a5ff6e91ba1eef94655853c3690d15d1153bc,850
0x008a86b4dbbe4fe8a7f2145cdc676ffff95bdf23,850
0x008ae504ac6c0c89d32009c02b3a92e57fec188b,900
0x008af94ec70860b667caec3a2e2de07597db90c6,1000
0x008b1ffe244bf31896c833bff4ad9009e7a0f4eb,900
0x008b24d362ca3f7dd93ab9902927eb3af50216d1,850
0x008b61e1a118db01bc5e253da985c5f11fe04b4b,850
0x008bddb9cca2d92deee55a50d0f358eaf4b7f076,975
0x008bf5ef7e1b1170f0f7471b93f62b5cac55316f,850
0x008c2b6e55284a2ea09c62d50a7da4c7c151dec9,850
0x008c3eb2cfd1f9ab110485c75fea549926f28b47,850
0x008c9ce69f80e890d3fb27d9d6c94c570a53889c,850
0x008d2d57867efeba246e3bd8034ceb8c8f596950,850
0x008d399b5936b8fc3d6ce86ad53ac001217e3978,850
0x008dfd01cba93125fc08f41e86cfa02b2d203005,850
0x008e2fd504a73089ccd6fc0584665905f411ca3b,850
0x008f1edc31890f9c66d4b9cf24c78dd651502274,1000
0x008f96aab23e71c98398e6c5dabf2ee2ded9f15d,975
0x008faa257fd02ff7b9ed19e4bd16b2fc4f71a98f,850
0x0090ca02bba03a52241bfb641cc575bd4990432c,850
0x0090ca7a7e7923d6b67319c268f3eef1b5bd5d3c,900
0x0090fb1887c411fe826cba2832a004e5d9882284,850
0x00913b0179ae1afaf4ec5a3c265611008560f63f,850
0x00916ef0f7c59f94a28ec2a332b95d4c089a8d48,900
0x00917065867c9cb16d75abfbfa76aa69bd92ab75,850
0x0091c05a50ef584f09c5c8b813a207198643788a,850
0x0092a80c90069d5a243caa28fff0eddd5c03696d,800
0x0092f6fe26d0c54f9e60326e8d93cf6770cdf494,1000
0x009330f669003eada06b676b6e5cb77415471e7e,1000
0x0093660a2f58c0c38ce2ce0f894c86f9011478ea,900
0x00940bbff7ff7778b466fd26fe2932051885c1ce,850
0x0094cb1657ee9da34b93845aa142eaa59169ee05,900
0x0094ccf467b9b767df3203796250014a7174a87d,850
0x0095afc96094160cea6a5e00b5858369f25f3d74,900
0x0095d0862b889c5b8606962cb834a3634a8745b7,850
0x0096e6df996e6cb590c5aaa40ce00dc449f9659c,850
0x0096ecc56a1bb6c4dea4233dec48fb5f6d7375b4,850
0x0097f65bdc45149e5ffac00e4c51a5b073af7245,825
0x00980decdab20f78ab79dc28171b68ce238ec327,850
0x00983187e18f62a2ac1dcebd63f2e5f50394cc74,975
0x00988fe82c5550c2240c9874d55cbd100cd1a722,1000
0x0098b56dc561854ab6f8e0d6796137dc6d808b68,850
0x0098bc1587f679bd2e678bbf64ccfea4a0d3b899,850
0x0098bf50fb96f428faf3e60e67c06eb1ee07e336,850
0x009990e99b12f7ebcc594fb721fe56e4f88ac27e,1000
0x0099a7b429f7541cbda34d6aa8cd82181fbb8bb5,850
0x009ae9ce6f09789a764aaab19781864db4edbb16,850
0x009b05514d08da09a84f47de870af880bcd375a5,900
0x009b21f6f8273fe12dbc9c8025ca27db7de16b8c,1000
0x009b56330ae5ec5042b9ca46ddb3043cc0d006f3,750
0x009ba176a4d59d90357e9ed631c3038dcfa7f18b,900
0x009bd2e8e42fea1fab886ed083f5332eefa35b85,850
0x009c52172355d5729543a64832249638822ff8c9,1000
0x009c8da3408c57e8c4b6872fbbdf832dadf45c5e,1000
0x009d1b5cff376266cce5f3c471aecb61c09b676e,850
0x009d3342ac1246d0e95a7f6772e11ce9f07b2560,1000
0x009e7a5a378a128d9afdb80dd8aeaa04c30a67d0,850
0x009e8675b19be214d3f620e90c5e0de7a13c3c5a,775
0x009f79b5d57ee262330848096916e6a7e2a28eca,850
0x009fd1cb55a0af9a9a645b8140a7014b46e6abda,850
0x009ff94a057c75f661e3e28f89b9b9d84e57fc67,1000
0x00a0847926a77692495774f1c71ba8abef99dd52,850
0x00a09297f06b3790a37cffb2de91a0fccf0d5bac,900
0x00a258e6e7009cd9a677fef9c7496dd5ef59b518,850
0x00a290c589d754b5b33afd5fcfc35784bbe5e0fc,850
0x00a3141fe0c2f5b67338cf9da496d1b3a65969e3,850
0x00a3d4e0134ff2046e9c9b83d3321625ba3da1bd,1000
0x00a4a60954be0edeb7f6f408ad6a0fd7c35b80b4,850
0x00a565efa59cd8bbe65785f1122f88ebc41a23e1,850
0x00a67dc242df79dd7f6145ce38840581ae90c110,900
0x00a72d7b5050e8fa50a471f2c9af1dc21eac4d36,1000
0x00a73c4e596bec4c4068a9152da71e45480b5450,850
0x00a8bec03805bcfaafab1050dbcf90f57982d750,900
0x00a8e50de90d41454813722ba73ab5d80bd01b10,850
0x00a9481685d2cb1536bbe5188a898b38d36e34d8,1000
0x00a9e3a9a065bf942960f76a228239a3ce9bf755,850
0x00aab1b1a554f59b96a0de510837ba951ba375e0,850
0x00aac20f271c4731591cca07913e994d6f1075c0,900
0x00ab84845d68063c1dcd2a5f2cead5f253b249a2,900
0x00ac270072efbdc76d4bfcf9c7f84b0d5643f66a,850
0x00ac60244df04dfc07146f037d14f93320af57c9,900
0x00ad3d4cc099be937879451698c673cbd5c3cefc,850
0x00ad3d8c4a73cea708e0a7d1b35440c1fcd821ca,900
0x00ae040fa92f162d68b507e62e83939c6e07da43,850
0x00ae8ac9639aa924a0f4db6b48663a56601b9fe7,850
0x00af05a74080485086d370d9c65d246f0f906528,700
0x00af158367a6fcdb1a367f6d503e05799f340881,850
0x00b16e6a156a7398ca39179f49c1245f4709188e,850
0x00b1be054a8ebe834869496ce0f7bbfe233789dc,850
0x00b1c4f1978b650072cbde5a85440489bd03a13c,850
0x00b294517a1f6e6e013fd78d4252c2aa8aa72836,850
0x00b34033000b485119da0260bac0cd946faa6a1b,850
0x00b344e08d3b5fb6e6cd711affa9cf971c291c44,850
0x00b43a92d45ccdfeef6ea98d56f775586fe9e39e,1000
0x00b44a26933a204f5559ab87e8998ab6617feec9,850
0x00b44f149ddb22209db070da0bca4bb01a6e555c,900
0x00b46cfd36379436272a650c550f0652d0d59165,850
0x00b49bd7e1a75f98a82ca101909994e52a90e990,1000
0x00b591bc2b682a0b30dd72bac9406bfa13e5d3cd,950
0x00b5ae14450bfd084a00599b6875496aec543e39,850
0x00b5ebd8c8561a28c1834fe08d7e607b73271328,1000
0x00b65668a962ee571a8f223abd696ab1bd3a391f,1000
0x00b7af5a4aaafd2ae2721ac415de840dd84efc5a,850
0x00b7bfce579307a1c113c1c4af6cde13a14fc683,850
0x00b81c25a5301a1dadfff40f33de25f001d3a096,850
0x00b878d53e8816048eea4c74603932a1dec4daa9,850
0x00b879bfb781a1dc21d6a810fa377a0d2064426f,850
0x00b89bc301c399c1ba531689c71a09cb363753b1,850
0x00b8bd07af4aa69f6d8ce7fe8777b2dcfe8c822c,850
0x00b8bfc0b407187392aa9fe56eaa7c17b5ebec48,975
0x00b8e23fe7ddea6791131decc5117023dc03cfb0,1000
0x00ba0f9e3b612bc7b6712964848f2b1d3e75bbac,850
0x00ba8ccbf0c1ce62834d72706fe3236387f5da35,975
0x00ba93361a625e008023f30b6d031d6423f99140,850
0x00bb0532dd949fab848d72a951a1d6c2b197d935,850
0x00bb6c783fce35b92e6cde0874abf2c580673753,850
0x00bb7c23500573ca6933778837c9dedd247e94d9,850
0x00bb88a8309759a7c9f0a5c8e3a9364e8f564a8d,1000
0x00bbcd7ea98da5f60ee393533aaa9edeb8573167,850
0x00bbfa640a4bac8f3650373be8f4bd77f0472101,900
0x00bbfa896cb54e2b1d3db2a7027368b43d344a21,850
0x00bc82902a4fbfa08fc5da418f642209f7b10c0f,850
0x00bdc8be263d20bb3a83aaeadfef258dd409e2df,1000
0x00be57e4ec695d077e63c5eb84187a7e70169279,850
0x00bf2f290d3aef716cd8127acc153c273c23c538,975
0x00bf6ec0064e1a733a0fcc6df071b2cf514ff0e8,1000
0x00bf807dfb399cf973433599f2f23210ac54ca94,850
0x00c26a3e7117cfe0e4afacff2a1be9e3d2384c6e,850
0x00c2ac8857ea018a1cc23d529ec26f55d0bc1849,850
0x00c2e5aa91c2b6927a4e8533482c8217b450a6a1,975
0x00c31aa7aadc000a078b01e59d443b99fa64ef08,850
0x00c33f577e35165e07dd9a43b2baf124163bac0a,900
0x00c3a5aceb3fe926a7a9772a6c4efd9f6beb7d73,1000
0x00c3a7a09fe2fed6f8c163202aea9cfad99874b3,800
0x00c3af852e2ca04d993382b3664f62aa45ae731e,850
0x00c4803aa7cdfe5ae5d325b79d5c3c384e4a8ae9,850
0x00c4a3ac304984f216b8a8a0c182fae7984c83dc,1000
0x00c4db45dda03de5bae5417530723fd7dd03da3f,850
0x00c4fd7e8e4a9680b9db58640c76d4a17bd09ee4,850
0x00c5514615e9aeb9cf51f2e635b33743ae062dfe,1000
0x00c5ed4823b1d2e496b75e53ddb2859aa70213a3,850
0x00c609bb7806a47616de8cad327215ca70d45896,850
0x00c644e774d7b1a3a95154113f86b9e25350a111,900
0x00c6483e4f527144bb65dd2a93913abeba4dc545,850
0x00c67d9d6d3d13b42a87424e145826c467cccd84,975
0x00c6bf08de7e3c560357b0b4e27da2fa6f8519eb,700
0x00c6e2363b84d2e7820c6b38ca1b46f7e0714668,850
0x00c7a23058e32effe114e99623b0df28861527d4,850
0x00c844967b2ab4c5ac26f44dcbffa7c06897e18e,925
0x00c98bc1a9458f9fb28887da8172e90df88da379,1000
0x00c9acc867f576baf35e96521d139115b316a48d,850
0x00c9e875ad0504a307aa7ab60997ea2658bc6aea,850
0x00cc1cf9b3c95b432a90878bc2c2dbb7a3daaccb,1000
0x00cc4cae4ce9cbd5c87f877b1c81acb8cc8bf223,850
0x00cd259a3e1a649e8644d527d6b9a8fdf8165e7f,850
0x00cd45dcbe9c167b5942f8889d31dc1388cfd172,900
0x00ce22866efe39c055ff21bda32b179a7683ab5f,1000
0x00ce56c1f4780f46309b52054454a9ec913dd31e,850
0x00cef331edda6c750fe87c52d829df082973693f,850
0x00cf963f89e7d1a23c5c72dce92a9a8c600f4819,850
0x00cfbd5d2e36dd8182318a074cb1f399b608bfec,1000
0x00cfc6f8ff843a9b0b30f14e2310396a8743f5fc,850
0x00d14484c10aaa9b981068a8c7d25d2d26629be8,850
0x00d1c49844f3a2b3708ce59292f68570eef06286,850
0x00d1dd1e437980fb6e678cfc2ffc78a1f7a747d1,850
0x00d2432e6af76a8150a7609d7ff11dbe44de8e14,850
0x00d278f3163bf68e67b2eb05ef209e6f28bc7924,850
0x00d29fbc981d05edba69bc0909e391a132271357,900
0x00d353a1b6e1a3b3a23e849c5d51772bb7fdaece,850
0x00d3addc7cb1637c73359d41949a1a369d7f092a,1000
0x00d3ecff51b5e5b957c33c5656486ebfd60e58a7,1000
0x00d46d105507a04d7e4592cf43bbbad964bc77ab,900
0x00d5201c4def4d1a199c63e07eac53f43252a0ea,500
0x00d5615d3446b1719e6ee0684218891bc5a2100c,850
0x00d56e1bba3db460563516119dfced085898e17d,850
0x00d6cad0eb8fe405b4c27ca2071b0d0653b9c2fc,925
0x00d7a50850a3cb1890bf300682bcd789571c012e,900
0x00d831f24309b3271297f19b8e9be846c8c531c4,1000
0x00d841275b1a04ea45e29273efa213c4a59e84a1,900
0x00d88be14e08e06865b156bb489e020a59cb68fe,850
0x00d8a0f305698083d8af5a8b900b3b947f604b55,850
0x00d8dc2f6648dfc0472a673d85f4bc022d5cd17a,900
0x00d913a96a6ae3ffbd52030020e8b743f97ace86,850
0x00d94da07ea932ed8426e8dfd06615bda49b8022,900
0x00d9acf1d63eae19a1b0e416be85dd7754298ffc,850
0x00d9d164c3cdc126d33d541fe6e0cd55f4d4ed63,850
0x00da65b9d6ea469301021381f9b16cf3e80fa8b1,1000
0x00da855f0f8924c454c93ea7c5d5d96757e1e652,850
0x00da9446b29e3d2424b9db0c7e701ad33fdfedf4,1000
0x00da96f79c5969a61b5b15c6f5f800d760fad316,850
0x00da972a32c522b02771520fb5e70fcb056927fb,850
0x00db170287aaa8a93b08cda808af76d11a5f0fff,1000
0x00dc7f0ff419ed1634728a77146c6754541d2b82,1000
0x00dcb0f4d625ca40a0f0cd2f45bbdbd343198793,1000
0x00dd72466c9bc28c9765b406ea147c1e15dbc7ab,900
0x00de3a8bdee6e682c3509d66a947d05a8ca797af,850
0x00df64b8044aa7126e0f88f286b3c483c5e5927a,850
0x00df99e12315cac90f49527b07d753b7fe9faccd,925
0x00dfae7aeadc69fce49cf389d2bee4aae67aa656,850
0x00e10883490fa8ed8e9cd59177a54d45cd025ef9,850
0x00e14bea17f4e951fb695c52a66b3429da55a117,900
0x00e1ac868592c1fd51ed72abca14930075ed892f,850
0x00e22b85d329650e35a9d664b7c408a57820f13f,900
0x00e2362abcebe7833138bd460000ba5d4f6ee1e6,1000
0x00e294652292776e4d59f416ef35a73cae0e01dc,850
0x00e3088ddbd715f119651a58964ce1714b590f34,900
0x00e3df1133185a9effedabb79003d9c07ca69bc8,850
0x00e421ba23dbe6a165255be382f46fcb927f8951,850
0x00e4f6071dcfc268ed4487e2a004d01e3666107e,975
0x00e61c3f169f0b2888137918053bdadda121bb44,850
0x00e61fabc261401d3c47b6178e86449ae9890d73,850
0x00e650676a38478b3eee9e3eb741a6075b2c95c1,800
0x00e678b0cdae186eb3c4b08cfe3d1a698882c0af,1000
0x00e6f654a108a16077be41abab58c3353f90e7cc,850
0x00e6f8d8fb80b0c302a6bd849b79982dc9945b15,1000
0x00e7092c338d69f7ae230081d862d347ef9dcf1e,900
0x00e839bc0c9a130afe30974914c4b0100756cff4,900
0x00e87eb4a651f339219658165b87c204de6a7e5f,850
0x00e8909b79b3d40af0f22e37f81c9e3e9187d853,850
0x00e8b7df725ce993f179f071908a9d687815f2ba,850
0x00e928ef44122d31043f772b00b0d1821b020ff7,850
0x00e979f43658ae9cfb838b07d4b3bc70f12b93cb,800
0x00e97bf0997013cc741dbcaafba8f439d474c879,850
0x00e9ba3dc1ebd6f585b9f5bf8a33a975b5f8a7de,900
0x00eaa7d80b05144a928492bb83b82cfa5e2914cd,850
0x00eacbbd373a91aa0d4485b0beb45b14816f835f,850
0x00ead164c58ccf3d8fbe9aab4c806477db62e599,850
0x00eadb769d931de24bb9252c3cc3a6f8de3f86cb,1000
0x00eb8dc1785a096d7006ca9c64aa4ad5f2706691,850
0x00eda101a3b10f7164cce8ecdf305b1317ca0669,850
0x00eddd42021ba97a37097ad4286b893b206e12bc,875
0x00ee45c909dee53b4cf6af3a5fc3739cd2f9f2a3,850
0x00ee80c322d6e956d2629a73223605bbda946f2d,900
0x00ef17fb802141f4a12026c4492bafc43d8ab85e,1000
0x00ef8b0cf8f81c2b40fc9233b16f2c21cd4f6f15,850
0x00f00fa5ba62e19615bbf759b7155de7ba96f27b,850
0x00f14df956a8e0b34e0c5bddb6e39dec48ec7baa,1000
0x00f16ddf3034436fc981194a0192044ce90aa4c1,900
0x00f3fb9d81506fe69f504fa12325d1559280d635,900
0x00f4765d1e007cefc091d84c2bcd1c16ddcc2c87,1000
0x00f4fa7ac6f012e7e65d325022ba1397a83ca694,900
0x00f5481262d4845b292ba0c41752de258b3bbeec,1000
0x00f57a995e566fa107d36ca5443629c7bee31213,1000
0x00f63722233f5e19010e5daf208472a8f27d304b,850
0x00f656a2953a15ddf8d9d9726b67dd4e61f238b9,1000
0x00f6c46a5e9b0613ededa94072f065e46bc8176f,850
0x00f70714e95b8d092546acdc8e52a02d6eedc934,850
0x00f72bb4bd6c353685bed9077422dbf3d85e80a1,900
0x00f731bcd3a8d541a040a7586ff3d03dea48e31f,850
0x00f777857b95c1d0fe7564ae343d1a00c80b38f1,900
0x00f83f560dea6e8317900beabc89be027da154f8,850
0x00f863703e78916a4487fcbfbda7a6944fa86538,850
0x00f8a06340b52aee151b871a915c06af3c053470,900
0x00f8b6bf7cf6b0a173e14abc3d687dd03fe16bb0,850
0x00f8dcbf7f64e30efff649bd9f137af0eb80e4da,1000
0x00f8dd0e37d5077fa256fadbaa216d9088a708e6,850
0x00f9126faecd227f6cd0ccba36865c9a7c55ff24,850
0x00f9a33dfedbc3bddfb6ef4380dacfd9352c4d15,850
0x00fa8021f0c2157ab005dd41b11d49ea30d7893a,850
0x00fbef9f0f9b0b6421c264a2020f14bca80291ca,850
0x00fc6300b77a8ea902d576eafaa9ba40daa7c415,900
0x00fc9abc1ae9d1b71b89fd285cb6c73129f6da72,850
0x00fcad795d8a753c9064126b78cf0330436da09b,850
0x00fce3e318dfc490be549b266e85af457ee3d65b,850
0x00fdcbab290f89f3d03a21b1fa17fdd64bd2f1c8,850
0x00fe37d2589cdec3cf55afaf4a482bca6b7b0ae6,850
0x00fea8ef6f337ce6aa8b5bb7086ace94dd0434a7,850
0x00ff162742cd72f0a726cf90138a832ab5f0d48e,850
0x00ffb2daca4977f6edb65b21c21184eee6a5a72a,850
0x0100569d3daa2d258f8b21d4ec833ed21d2ff2dd,850
0x01017b2d24a37f5c74bc2291eb8743937aad1ff6,850
0x010286f16ec2f351c7575caf45c07d758a184793,850
0x0102b4bf6272eae55dffc8008ba81ac2bab58ca0,850
0x0104712abf87649bc5a0844b490fcf924f76da81,850
0x0104b9e629be9b419a5f0b4974de5e8f2bb06399,1000
0x0104d7a50c942735fd96ed6ab3423cac7e2db0d7,850
0x0105c26c5d013bb32223dbb2a4bbd98e9b0c320a,1000
0x010716be97151c482b999a87477aca6b2d122ed1,850
0x0107aacde8714bd13357fc856d6b93b3f8b543e9,1000
0x0107e33b5776e3052fdd624d6246df4f1d8ecddd,800
0x01080306fab7721ae1dbff1909df46b92a2c0b8c,1000
0x0108678baac8accdcbff80294564f74725330907,1000
0x01087080dca984b607e1ebf263330431f979e528,1000
0x010a078ff877852f0f18b6a910f7964ff18498f4,850
0x010afb8548a5d1a3a3d62f58ca0a5a1329974206,900
0x010b19435d2bcae650c41af62440e2de08444026,1000
0x010b7eb359ff40fd261ac917003dc21058c32055,850
0x010c9d0abf2925400c37ee688215d34dd3e1ec08,850
0x010cb104dc1ce1cf2010ee993c74aa347271a686,850
0x010d23b534006f4e4f174a7530d7d9e3c131732a,975
0x010da4bb5ed14c387bc92de075b58e2d0cee23b1,1000
0x010da5ff62b6e45f89fa7b2d8ced5a8b5754ec1b,900
0x010e0d20b256620b6ab77729c8152112e0b78561,850
0x010e3a3a9aaf3d8ee76b26d154f8c16c970f477e,850
0x010e86d5c98a9bf2d232a3a73ea289a79b545b16,850
0x010e891bf7045dd54a0a70b96a77c7b4cfc24640,850
0x010e92ac8b581c760a4f3c877a4558e8cc278c70,1000
0x010eefc75fce6c266573960812b987fa22b6c64e,1000
0x010f6b049a5e8e963060b283486795630e5d83e2,1000
0x010f995c1f0784b39865fb0dbeaf98311f3cc52c,850
0x01102f208a263a1b3844a1bfac5444cbfe7d052f,1000
0x011128170cd4f77f90af9dbb7501b10112efb31e,850
0x0111aa45d978c43bdee2b7690e33c65648fc06cb,850
0x0111dcc6fc2df10b1145fdcfed2bcf1b1c00de91,850
0x01139728b71405424f148e82c090f9097ba69e2c,850
0x0113983234c06a01834e6c173efab06f04de2122,850
0x0113e5d1ca256159d7e7f37fd334ef1f7ee5d39b,850
0x0113e5f85ae18da390377823825946fc45582d1f,1000
0x0114572c98f3756064b4be09cf02f05ef7f867a6,850
0x0114d2ec12d3c70f90d9a9d827930c66b435c61e,850
0x01151b41131ed0bc3268dad9be8fab765205bd71,850
0x0116ed59d76aaaf9ab5ef88807ab33b24df36efd,1000
0x0116fdba1f1dc87f91fcafe2fb365ca829cee686,975
0x01173bd5895acf19c67f6170f15d503d4153cf04,900
0x0118473b89b9b267953921c26760394db9da6ec3,850
0x011a62dc7a6c2969a764ec1acd67081029100d57,850
0x011b042a0573972f547b885c86279291b04c6020,975
0x011b552b17d1a78af3be9f5b9fa85b6d66fc7dad,650
0x011b7c26193af783f967621d9be90a8bc6a9abd3,850
0x011c3a587254b7312d78f2c8ba5adc41a1ed1357,1000
0x011c8e8496801c553b480c7fb8a34eb729b18537,850
0x011d826f9ced58896b8046e7afc995f366538cce,850
0x011e2c14c24fdac66a77802061d8ea26814e5154,850
0x011e3916f0932f0c0b62261e03b729eeb4e8da85,850
0x011e6bf0b2fccc01f137cfe776e1b1121f31fbaa,950
0x011e835885e78d9f1c92e580dae0e142a33cf25e,1000
0x011e8572c0e339b659add9fbf24ba1328cde7ca9,850
0x01209fa47cd0bf3f6b7d0ecf8598e031f57a7543,850
0x01212602bb6ef285d7fca99430283ba780fe5950,1000
0x01213e995cd6272ebbb929311b50787296f25600,1000
0x01214a235c6767040c8fef6bd33519a6c7ad79ae,800
0x012186399add91fcdc4504bcd9c44a2169d4b32c,850
0x0121a5499577090838ac2d987c2fab300ab13858,850
0x0121ce9b0af57bd51a9e2d2534175a9c4a949975,850
0x01222a114552e89e4c548170f8c1f4d5460d255a,900
0x0122a648094d10ea18ae72673aea0334fae4d3a5,1000
0x0122f83912932a2d3631340168795c42b6716290,850
0x012430f934bc381d9f59a28ea34363bce170353d,900
0x0124fd98566fb966d118bfb70650cac960dd6c2c,850
0x01253d735f350afc426335560251171367cd095d,850
0x0125c79621229bd96a4fd6c71b7a8d276fd5db97,1000
0x012668a6f1b462d55bb77bdd4dec5c8e57463e43,850
0x01270d19f1b70c3f24efb57d28974b3d664dd7e6,850
0x01281a8e31e2ac1bae55a69a7c962f526fa64f00,850
0x012867f22e00f6f4c97def7e159ed9a57617af62,850
0x01287cf199456d0a57de078447a560f6449f09ff,850
0x0128883953744d1d302421534757fd6f2d8ba88a,1000
0x012916ed48b20433b698cb32b488e52c639a2a66,900
0x01299d506f8bbb51eb94f6912c96a0c61ce9d1c1,850
0x0129ba41a907ac27f7683d291576f2e74362c421,900
0x0129feef1eadb4e77e2d3de7bc352e3050bb306a,850
0x012a5020505f00adb2ba6d4a447951d497a35a7a,850
0x012c597fca480b9766d52e4c1e5d4c0940982abe,1000
0x012ced3e78c1a70e156537e580f6fed3954b2e84,975
0x012d85c98a50cc2340e39668b6770e4fcb71342e,850
0x012da78f4ff0bb8cf0b017bbc5e9ac19ae5cfaa4,850
0x012e168acb9fdc90a4ed9fd6ca2834d9bf5b579e,900
0x012f15e260f6275bc8e62be475adb07549765e70,1000
0x012f638dab4959ebadf779a6e775111893d7d922,850
0x012fefa16a3baad884834385a0988378852d00bc,500
0x01301d186d9e2c3a4091ca1ed95c3719b437c7c7,900
0x01309200a32bb6b968aaf4ba20367d091fc7adbb,900
0x0130b68a18a612892374e1eefbb0697a291215f1,1000
0x0130d50430776e5f0f7517f6bfa9650fc712b879,900
0x01319c79cf53aeb6dfa2bf5ddc8a124527016695,850
0x0132251adf6116fd0272d23aff8ba0dd9dbbf1d2,850
0x0132749dd84ea8a0b242ff61f97ff40f96035df3,1000
0x013274aa75bbc3bd7acff906e564edbbb50dce08,1000
0x0133982c25a8211e1e62d95760999c4b825025fb,850
0x0133a483873163fc5bc916de39abec8baf85657c,850
0x0133b67aec5d8a3959840385ff6f5aba4f85f894,900
0x0134600e06c4176fd44a5557d124f5d684e75b28,850
0x01351f573a99ff5cc633f4ee580347974ff8b59c,850
0x0135249c1897454959da69ac1481df6c1d4023a8,900
0x013618ba67d882af8df870d8704e4d317b710dda,850
0x01361dec98b8d86a584afd90a7c7c3ca0d908539,1000
0x0136f37e3373f91e6fc2d2ac76f0d01701754fcd,850
0x0137973eccabc8f684a7494156d25447ab5747f5,850
0x0138ea4b8ed7e678cabb76a207a968269dda63e4,850
0x01393a2f8cf06fb5335bf03acb0a4ffa958b5f46,850
0x01397d68308d2a94865ffe0f84d26e94b6df1234,1000
0x0139ba48945d51628c79f6cd927a2d42107aa8ea,850
0x013a451f558aa0e0ac50b6199ba0e2f6b710369e,900
0x013b81ad989b9009f4dab4c804c6007882f9a190,900
0x013bbe7e89333bb26c0959f547adcd77f54ffa80,975
0x013bfceb441762268b2894837c8c1e3774ca4efe,850
0x013c270b6c893ed986ff69eef37ca5a1c1e59dff,900
0x013c8b849edb8efc9a689854b7bc75f2dd1ccfff,1000
0x013c8fa48e3f11afb5ab1bcb35f2484b299d7136,850
0x013da16ead9075d66102ef98c23432a3af815b20,850
0x013daec37205c9cb2a3d6bd1f0ca52eccd2bb044,850
0x013e074822e7776516a0c69dce430ec1fdb26c0d,1000
0x013e0a9ac418ca71de2b3b8ae7b67fbd13f2ab4a,850
0x013e68b23bc846a8b7792dd238ba9d387efe3392,850
0x013eeca1e8f5e2ff4de43289cf2e87601bdeb2b3,850
0x013f0bc2b50373e02246a997f4c2cbdc869eea40,850
0x0140034d523f45a7690404fd2b5d0b6dc2a1c9fe,850
0x0140c762c812c087e5b63d1f36022cf349628d45,900
0x0140e9513def4729d7f7b6a5356ce6c84d7ae75b,1000
0x01412c35980761a198995cb985d34fb56e93fe21,850
0x01417e59b64efc0c8727a31f1fbba7c6536307a3,900
0x01418a07f6e69b08735b717cd6c86fdd8a5ce1a2,850
0x0141a8d6993a6f4106c4f043ef299ba540ae81ef,850
0x0142bfdf3d08eb9cca160c04e9240d7f9631f2b0,975
0x014338c7a0342dfc4f90ba2313a782011c8b85e6,850
0x0143bd780dab8a7302141c3fdb8ebade1fb56f92,1000
0x01445326f7023b6c69eeb0eccbbac6797af3e76c,900
0x0144c47df1cc4d52ff115f758918dc42a9db48aa,1000
0x014607f2d6477badd9d74bf2c5d6356e29a9b957,1000
0x0146a22337780c55e9d2af2f39139a6174fb828f,1000
0x0146ef29dc977ea95328d9901a3c686e43b70953,850
0x01485557c2bc6e26c7187ff4cc38d5d9474405d4,1000
0x01485be0b99f0c1949b6c4f1f70affdc39acb154,850
0x014930c2d8878759763f3ac2a492ff94073fd80f,1000
0x0149cf3e60f83fda5da971cf9006f74ed9fe04a3,850
0x0149e057c5cf8e330fa5df824ad3c086ffc1cca9,850
0x014b0094e8c926067eff9bcf7f28608d80cb3694,850
0x014b8a67819d904922a2cacb104ae1baca6033a8,850
0x014bcbc7ab0eaa72688b91fc2063c50a0a38342e,850
0x014cca5a65e31b8eec52bf4210f7ea09bf9c9016,850
0x014d3a4e098ea342fffdacfebf63c464ce4a5d15,850
0x014d82ea060ff731f208579c978d546b8f692f9e,850
0x014d8a9260da47dcf00113bd34482cceac881a9d,850
0x014dad29178cd0a6bdf32a908c918706e170f1e0,850
0x014e084765a334829a6056eed7dc9df1cc89f08d,850
0x014ea07861052dfec9fc3416271d0981a4eb0448,850
0x014f18e2c4cfda68eb2992c1820cf32fe7a6326e,850
0x014f65b7b97d2014c8a4f1dcb693d4a4fedf87cd,850
0x014faf79e95bddd971d309baf891fc064e86f4ba,850
0x0150947ebaa7c4f68efb2d1cd68af3cfa6424a0e,850
0x0151fec7c3cb6b151cb9b34bf5cbaa685fae769c,850
0x01520618c0509a2b2b54ff1319fa4c6d8a8e3581,850
0x0152667429adfd3ecd2dd6c3d3cfc1e669e67309,850
0x015281aaee9460e5948a609355f2599464eadf4f,850
0x01531c1ff589c8ae0779562b1fa9095cdb78e084,850
0x01532c3f785c5218b5595b0e13e3b20b6d501924,850
0x01537ea80bf6c1d2779226fc1acfe93107f8b063,850
0x015434c7b541466ed441688a8dafcd26b85ff9d1,850
0x0154d25120ed20a516fe43991702e7463c5a6f6e,900
0x01552561469172eb5910ac83b35f96c92bac63d0,1000
0x01556c82b199759193e21b386b88e3b5e840cc51,850
0x0155d9e1e729fac583413952d6c4040c8d385584,850
0x015644fd4f3a0fcef6cc22e25e846a6481777303,850
0x0156f97eb31a8fd1bd26b19741256e77dca29305,850
0x01582c71b2bacb5b6db18c9d8aee84e8be032415,850
0x0158e476ea323e78ef35ae5b490c26bcf0eb15ae,850
0x0158f2bc31131a627cb41b44e7ec4c8a7dbe0613,1000
0x015ac33ae866f442ee65b6e0f658132d30e3c673,850
0x015b0bb1bfad0437647e74776a7d649d2e3adebb,1000
0x015befb758090caf23caf09dcdc107426bb1f07b,1000
0x015c03bc4c9aa817a6a6759552b809ff54890f19,850
0x015c78dd45b469a2ae94c93b426d283c2ee42849,850
0x015c7e4760e69bc13fb5cc0df66f0a3375d300ec,850
0x015fc0f9a30b6353b6ea191d7c4ba6c8aade92d7,850
0x015fe88d0d4787574aaf5af64726252484365338,675
0x016005883a46adc829445c752df6e957dec2c7fa,850
0x0160afff7a7a824429a8202995d03239d2d418fa,900
0x01615d8d53eb9aafcda15853286fdf8259368a68,850
0x0161cd3a424b77adbc9f73d55dffaa1325ca9e4e,1000
0x0161d1cc10116bb2a073a0c293d5e4f1a97a00b6,900
0x0161e9ea4f3aa829dd8721545c9d024ea4500258,850
0x01623c98f9651095d600f2ecb45dfa1072fc9589,850
0x01663114bff8c87677c61a4a20e62339cb15e58d,900
0x0166e394c5d12205464c2c6b3073abb04ebdfd3f,850
0x0167767e7ffabd6e9fe1f958535bf296622d4b21,900
0x0167d3c422cc3a856f1f7cb750e75a8e5d7c9c5b,850
0x01680c4acff13811644c8ccb03227bd47d3fc208,850
0x0168459886bd2aa322c18ed0b209887095afcacb,1000
0x0168ac98f0afa2df297e4d06c2c5187fc27b5689,850
0x0168c572ebc7861f99733d04187609067cb0fcfb,850
0x016948e86c3338bb0125ea7889e19b45c5357f26,850
0x016956ddbb3c7ad592283cb58cb9a6725bd847bf,850
0x0169a86594f9de15b8add8d9250913848cbf17a6,850
0x016a12805434a815a943c7c7251a483561d63fa3,850
0x016a1d022dbdf905526cf9e880c5e43eb13793af,850
0x016a42b47b051be2946a35fb72774e00a7b8e820,975
0x016a5af54b2a9832ce8a594d3fc5af64ebd386f7,850
0x016a6738cdf51365f2f5e30c82931553e0a93262,900
0x016d10f16e862eea0be1fdeb1dbba0bbd7f44078,1000
0x016d435511a27e309b599e2786429641843ce782,850
0x016d4da7c7cd614cd50149a373873ff090b9782e,850
0x016e9e2497544790d71411911b187cbd26b43458,850
0x016ee55de225b15958c5b2f2cdd8c554621d2639,850
0x016f6d3391e9a13928505ec4e6dfa9778e5b5ec7,850
0x016fa60107319e33386641ae9002ea59706379d5,850
0x01700929e82848e2ee72fefd6420080e1625607c,850
0x01708df7ee281fe5a8bf6a967b4fd8df8623e98b,1000
0x0170a247571e889d011327477b751f2e42c5baa4,850
0x0170de25446302e7ff2e3093c6b77350dfd2b643,1000
0x01712ca1676c850698bd52ed3973d5cdca71fa67,900
0x017154d1f2c228765c494da30c018fa48a09e1ad,850
0x017184a0829a54746706654e86eb7a6c5cafbf90,850
0x01718c9eb7984abc907e5fd40f56cdab4ed5b0b2,850
0x0171ed588582d1df472015623dcb426d0a1de431,975
0x01722733d6b93f5bffa318615a2dcf9bc2a07cc2,850
0x017252042524df387a7ed994d41d7bde44f4670a,850
0x0172e05392aba65366c4dbbb70d958bbf43304e4,900
0x0173438096718b70015e2914e7773546851fdaff,850
0x017388b16dd5fea1af29059b7eb34849b0eb8dbc,850
0x0173c24b53a892387b4a23ed706cbf9197f293fe,850
0x017423feb0aebc5f4f80496d2eb20e4498aec1df,850
0x01750c374d9fae78ca0dd39a0f4f0f4fec06181c,1000
0x017529cc3b9c5d967f303221d023ceb6253dc7f3,850
0x017583e73bfcdd8a7fe7bfd87f5174fa34c81a5e,850
0x0175b32dfc64088fe25f8a4d6291caa7ef5b909d,850
0x0175c38d00a114bd29fbcaf832e7b1a21033644c,800
0x01765501cdd20d174c1a6fd195c2e986135b6975,850
0x0176b54c3989fa5b7bf27d0e5f1cc3d4ad56b044,850
0x0176e840a1d7df604172fce139bb0a0e99834165,850
0x017715b9a71dabed2ddae0bbbb6b0896509c8212,850
0x01771a278c3fab69735aaeb38872469489e7716d,1000
0x01772e50f13f21e6a278e692423c4d514837f9de,850
0x01776c66ab49f137fd061e18d1611a8aa769b19d,850
0x01778ac80ba7740bd13dc4936fa746c7a0770d9c,850
0x0178217e241aa00787461cf044c69e8292c3863e,850
0x01784fd2a696eec23f901b9a5d9762d5e8d10af3,900
0x0178e892ccb5ab71c7b1727fe7e50f317b0494b1,975
0x01793c678e14c7158405158cb209b83fb2c09b41,850
0x0179c150e32d7054be23107b97ff8e2ae7c346d7,850
0x0179e2f40016671fe0326ef241d0178ffbbe9e94,900
0x0179f665e46e456954f00d5475b306e613a9fcdb,850
0x017af4481e13023209f6c15f6cfdefff3c695534,900
0x017b176e25cf8685d25f085a8331fec5352a58ec,850
0x017b3763b8a034f8655d46345e3eb42555e39064,850
0x017b4cca058ecf79937066adf44ddfa249a620fd,900
0x017b69d5d9325f15c278a658a619a49bdb4d6665,1000
0x017b93259518cc28f53284ec81f7084575ba8699,1000
0x017b9472e9dd28e7c11822603b9d2eeb41037165,850
0x017c3ce152fd7d144cf74cc87e1d7c7cf15928c1,850
0x017c4d3aff4d726da43846579fe49c3646abd6a6,1000
0x017c536b11211d47ff4752c141f1e62ea16a4a5d,900
0x017d08868e2ddbf4d2b28171457c1ce6976fe212,850
0x017d0b1933cc52fbb03bf16e5e1041f7179eda71,850
0x017d0c0429922121cf25b4abe519d64b953b9b72,850
0x017d420ea23d57b49705e4d36bdfcb81ab4e82b5,850
0x017d8a64a8cfc0e15d20bb9aa7a86165b784a4d2,1000
0x017d942c5f14069d512017568814bb4edb871729,850
0x017d9ed24bff6f17e12a70a952f778c7bdb6bfd5,850
0x017e019d6344b47854635ee87f728831260c87b5,850
0x017e2a9de4d669a21084a6d2014b38a5e2863643,850
0x017f1e8b5ef8d86d279ba8ae5120694006a18001,1000
0x017f8a86bc732b517e04a8e6cbb5ad22b899e4ba,850
0x017f9dc0e2d0a123bf03a3c7ec27f898b70d8ded,1000
0x017fe812df7bea272511a47955099a9e8d20282e,925
0x017fe9a4c15da854133d4fd220948ac084f8ae14,850
0x018037f8fa6a91dda30b919de140e1bab5b969a9,850
0x0180a2047666c6e8a99e6c9a8d001bbc47208df5,850
0x0180af6a237c41c8a0b5297a0fdb8ad1d76e4c92,850
0x01812580ff18cdaa3e9b3cdaa81496cd98d3f56f,975
0x01816f1a627dd1231b4d47c93362aec467aba32b,850
0x0181fb8d39d57383731eb0482249e780de07abde,850
0x0183a86573f2daf8f5d1f31b9d3c82631345630f,850
0x0183b5764427bc889109b2d2039690e1d90987f9,850
0x018423caf5f8ecafb391edf7c4540802981cd0fa,850
0x0184df2afb9845c27504419ac7d5efccae41b951,900
0x0185080e4a3cc98dcd527719ca0dac91075725ae,900
0x0185326b75f0e915a7518b9f5dce248c09226935,850
0x0185c3dd9f48bfaea84a637c769840f5c3bdb658,900
0x0185e80948461135faabd6d01fe4afa8586fe6c4,850
0x018650dae189c5083dcbec8ae1edcf8b83e08380,1000
0x0186d975cfe19772e58f4d314a52984b31a2cbeb,900
0x0187cd7fa0f5f10661e12be1538611de29bc6f77,850
0x0188470b85e116ba8a7a42a71a8d67229f44e7ad,850
0x01884fdcd3a66259cfa65a20bebe3db9f24d97b2,850
0x0188946f1b60fa1af2e53bf2f4dc0a0670c631f0,850
0x0188e83acb7f9e765bdd3e5cf7937d3d9e1c2879,850
0x0188f8b6f58aec2e47c1ba1fc38b9978273de931,850
0x0188f96b20d00a3ab9d19b8aa91988b720294ce3,850
0x01894ddf668719ae49d364e6c77d21cfa3926ac6,600
0x018a26884caafb6a420d3de9541cf924178783de,850
0x018a5329c9b24f31bff452166c73369354ae71a6,850
0x018a6ad6ef7642a5bfdc470a2e1cdebec1e41045,850
0x018aae0cbe0aff89e183a7f1f0b34b308561b049,850
0x018ba7d4c044254f4ae94652b09c790baf7db3ca,975
0x018bde66f5b0a1a992a40d6f75dee3c5a29f25c9,850
0x018bf5774c55789146bac375e052f826294ecb06,1000
0x018d48fd560a59dab8b345917330a468f04cbc2b,850
0x018e1ba194311b98a6e92b6b2650ed2dd4a90cf9,1000
0x018e2339fe910022db81f0df861ff792d406cf3d,900
0x018ed52cf0254857c3d2cd4ad06a673c56eca644,900
0x018fe0518c0a46855801280950fe0cc98ac96a77,850
0x01905431efb225a63b873d8fa6f98b067df4a924,850
0x0191c087cbf29aa1103c1010c470743264a052b1,850
0x019218cb876c7e22a903ca74c0b62ec90344920d,900
0x019271b315e55cd40d409ef21ede9c3b61646736,925
0x019287e476e382e9b733e089cb205b4dd255902a,850
0x019315575492be540e0d56306948b3180fe39788,850
0x0193960db1204a3c0882225576c92b95af25092e,850
0x0193caf8a49dba421bca7d16eebd0e7dff9c559b,1000
0x0193d4e60ad8eb4f9546ef607237277b82d5c5b0,850
0x0194d076503771b976a062c4cde310b13d3e9960,975
0x0194f6b2cd2061b50169ee2c81cd95f982cc0a05,1000
0x01952760a2f72cfa13b3557b6e015b40126961c0,1000
0x01952b83f4fbb1fdd4bf11087638f0821175f7b4,1000
0x019565863a1d126ace10976692665a0d5e3b57da,850
0x0196745e37b3e8ddb99be16b065bb482768ef3d2,900
0x019712e01e25a3dee2e11dc8a8de84afb0015401,900
0x0197295055068f266f8654ef428a91239839c2d5,1000
0x01974549c9b9a30d47c548a16b120b1caa7b586c,850
0x019761d78f2f14ef6a498d245fca15ef5ab121c8,850
0x01977c44632eefb5b2868e18c902584ccad574d7,900
0x0197d7fafca118bc91f6854b9a2ceea94e676585,850
0x0198662302a3d7395714600e885d2ddf87c2f839,850
0x019868709db6160b2db6276bdf163ac0d3b5324a,850
0x0198d8a7463819a22facc2b96a7402f1bbbd1a82,850
0x019978404a6cd72605ec0f2874e7f5ec854dbd9d,850
0x0199a54ad38f4d55b3819517d3fea232ae33f673,700
0x019a0a45a1342050f732ccdf8aeb2ecf4b34c034,850
0x019aa8f4062bde8e0b457aedf08d4bfbb44f3acd,850
0x019abd316838b1fb8dd49d66c13b01b5ea3cdbaf,850
0x019b00a4c8bf5a4a75d7be5a498f2d41e6bf41f2,975
0x019b337f128fd5eb9f7e3fd36acaf6c334c7492b,850
0x019b40948ae2c1dfc1751e76161b5a6ef90aee4b,850
0x019c429038894a1656ae2e9399769662bb4899d0,850
0x019c829ea5392cedae3c91027c171420798ff9cf,850
0x019d10463c5c800b84d6527e112e131109611527,1000
0x019d239a36a4fd4828253e8eccadd1dd2d0dd147,900
0x019dd1181011ab3207b948cf9d00c0a011d33c74,850
0x019e3d65ade821fded83b438cd1b8626208c48d3,850
0x019ea1afabcbd84d922043c4261052a583315d2c,875
0x019ed608dd806b80193942f2a960e7ac8abb2ee3,600
0x019f4cb3cad6f0bf4d571edc99cf3cea815c0102,850
0x019fb2e4f3c3afc29a55fe4740ce87b3df981e23,850
0x01a0de8ff66f6c050bf45c36f46e74d359e7f85a,850
0x01a0e0f98539cab8593c45f849c75f65b27dcb50,850
0x01a0f8f364c2fec07cfcdebd2980da3f950d0410,1000
0x01a10e5ada8f1c1117f185493a0bb4f299f7b8c0,900
0x01a11a6eef76d13a789bf944dbcfe7e2b27411ed,850
0x01a15c5109cb9935d9528c9348a2996559151c26,850
0x01a1c554806b5754fc768fb6037631e3842dab5d,850
0x01a1c72bf9547d1e6abd8486ae3cad64e781cd7c,850
0x01a1ef4a64f8c25ac6e4913512dabac382fd2954,975
0x01a2c0cc3fc848d1cbfa4198822349c85905785b,850
0x01a2e7fe230a34bf74e7c850d1244c70ff928024,900
0x01a3049804d40609f2edc1b5d73610bcd8796ae1,850
0x01a3a71580b17d1c567d577a66b28c48e42a43c3,1000
0x01a4615315104084dcaaec9a847e90ce5cfbf8ea,1000
0x01a4f75344f665629c714f6623b784509159d4bc,1000
0x01a580e1370e798c48abda6b2f605035f2127d5c,900
0x01a71e7b07cbe684439eb0570a93055af7c15b57,850
0x01a762e99a74132ff61cebd92262fc54463320e5,975
0x01a7749f10af218e842eaa97ef66b06870f9002a,900
0x01a7e44c9c8495f1fdac72298a3c0ebac9f58a55,850
0x01a8b987d4350c58a3a16456d5f7cc3255c425b0,850
0x01a94e74ec7264b4be34d9a68f8cd1decc9bcdb6,850
0x01a97118d81e6ccd319a27dbfad2b601774399d2,850
0x01a9766c63c57694307eb20b75796a252d549819,850
0x01aa226e0895cfc97fee2121222dd005160ea9c2,850
0x01aa66f23e42842d771cf46e6293af4ed04c90bd,900
0x01aa8359ab1b28af8f7a11d3457f775b540efad3,850
0x01aafa85d27eda7cc530132827ba834c269a7cbd,850
0x01ab50c379aa098a199feda4c5a51d623ffcd764,850
0x01ac60352b386d551222c877925f524d43725149,850
0x01accec19e099cc37d9fa9f7027dd89c8a9831d5,850
0x01adf60f3a3455f78cd196763c1203c8fde2c039,850
0x01af1eb57b3489cea12ea3d8ebbae1c3eeb0658e,1000
0x01af4808da010aad7b2c977f51508a1402c8cbbc,925
0x01af60b03e2b9cbf947568552462f9182b959db0,850
0x01af86cd3fa63f8b04b8ba7df0494a77c01c473f,850
0x01b037084eba7e4519dbfc9ba026ae696746e033,850
0x01b05f41b22b8ab004b064cd6404e90ca46840fd,850
0x01b06d543b68067f7d78427d651b1190c10e0456,1000
0x01b0b2d9991112703bb96ba7b603f89788d2c6d6,850
0x01b0ea8755979c2030d642b74c5dcbde220351df,850
0x01b15b58df43cd3a72b4edd9b6150fc7b9b1f412,850
0x01b19a62cba8bbc553b0137257f72371c826c403,1000
0x01b27aeaa3b67577609538155d637b08f0779069,850
0x01b2e0fc91754fa2daa9a69fe4ef69c03cb50bc0,850
0x01b344118ff55134f042bb19ca4a77cd3212dc19,850
0x01b3b5ae37f70e6540abc2667fec68c19b2e7a1d,1000
0x01b3bd82da83c842d8220c8fef9358abeffd537e,1000
0x01b3f02ff86fca973084faa9e4e24014c1dfcb8f,900
0x01b44fd30ad33b88d0ebe0e22faa52cfe0f8ae7e,850
0x01b45138c79d97335df9fef8c3a325eaa764d29c,850
0x01b457774fee6105593031a3eb023a873c450c4a,850
0x01b572c14af90297b04955659cf86aec87dad0b2,1000
0x01b590b256dcb6300fe43fa2c629dd9fd2838ed4,850
0x01b5b2eec95743ff4401a55b06db72bdf6afa0e1,900
0x01b630e4c8c64c9abfd843c2c7ec3b0fcd1cf609,850
0x01b700a7f8797609c8e86b21d3e5a765d608b9a2,850
0x01b7b1df70e1b455e1086aef7488f1131183107b,850
0x01b7baa7baa864fef3cd1c7bc118cc97cedcb33f,850
0x01b84c86f45b3961296286d8ef8ec49709606b36,850
0x01b8674543a3480a6a4c44014d226b27db2d65db,850
0x01b8884b83882069d08c86b053bb1027d04dce96,1000
0x01b89af143b8f2bb80f9ac13d60e7e9e01d85798,1000
0x01b8a5c4f22ca9707d1865ff2c4712829b6175f6,850
0x01b8f7ef9c12841ca94ee6652f0d5e9646a1168f,975
0x01b92f893b1c302bcf1945fd4edf10df99b4f181,1000
0x01b94f94cbf9fe4509b0beaa8dd6fb510dad01e5,850
0x01bb074c844b1129c8e26ed5d27186cf53198f6c,850
0x01bb8b57808786461b7db3dd5975280f189307a3,850
0x01bbec9408cf03e8188f44f12636b63e8faba019,900
0x01bbfe5ce152b22eccde7698a24e86012a5f75e3,900
0x01bcfd7986c68df30f8b3d3f92a44e5664657ab9,900
0x01bd177d908a1ec1f5e965434930056210bf64b1,850
0x01bd2bdb16eb1e61d368b60efb988adcb433a7ec,850
0x01bd8aac958c6e728557bcac756273ddd65bf19c,850
0x01bdeac39c807252d9dc00d1d69987234d376ec6,850
0x01be938672471bbb0fa1dfd223dd2aad2e389559,1000
0x01bfb07fe3dcdfe459de2fb627a96a11f33cab57,900
0x01bfc30251bfb5b68e7e7a69fec81d8adcebc4f1,850
0x01bfda329ad313306320b11c6845f24294286f26,850
0x01c08ae3a3a5595440144639d1bd16e8fc94f297,850
0x01c20f8119a4243dfbde6ef19968bf1a7ac8f2ec,850
0x01c38875ab789cb12efcd791db91217a00fd01fa,900
0x01c3dd0607e189d8ec94c740cf5926db4f38bf3f,850
0x01c4905e81eb6ebb919a802215b465137d1ba3a6,850
0x01c4fbfa5cd0515cb51a75a92480583db1d018c2,850
0x01c5668541751d62e3d36a7f8af12ceed452f312,850
0x01c5c4ca74a665e40e96ed8ff221500b6366b8a6,975
0x01c5c9f1b50986663d545b474b3acbf9e1b25c51,850
0x01c60af7f7193370a9447a12c885427cb94f21e6,900
0x01c6e66c0dcadda3f6bee43af37c51fad41c3955,850
0x01c717a8e3558ca44d473a5882e938572f1f7d93,975
0x01c7602892dda14261fdd4ae9c6b590ae65d3256,900
0x01c7b3b2be439441e3cc8644b64b664d5e4e997f,850
0x01c7ce0a635c1fa6f18f4bb5b8ae4b86cc3e68af,850
0x01c83e2a373ba4bf2cbe51087d97483e9f88c415,850
0x01c96c01e8169279e9a7348474c46a8861fc01b8,850
0x01cb1826cd50f7f15626a1283ae812ad0a273388,900
0x01cbb47731aa829baa27ece1e69efb8fa29d1cba,850
0x01cc1a92aafe7e49a0f18c3fafd3684ea829d9a4,850
0x01cc4ec22fd137f9a33f188fcf3078b5755368b5,850
0x01cc647103f4ce8a8f7985df8101d24aab029bf3,850
0x01cd8b637e1e131827260aaf777a587b4aed1c54,850
0x01cdcc99a4f9a68be18504750b219caa881841eb,900
0x01ce064bf433bb179791260c080630fe63684eac,850
0x01ce5973ebf4f7043d61cb48a7e25501afbafad7,850
0x01ce6e8e667d8a40d05cfdfac97194198069fdd8,850
0x01cf15d50e91ea8731572a07afbf782233339ad7,975
0x01cf5fff6ee551a7d3fdbb32c6a8ad9ef31c4829,1000
0x01cf7991cf4d37a762bffa9d74bd9b46d124d371,975
0x01d04f947cf6e5e4ffb9d76b40ed83daafa76e5a,850
0x01d05838b47fe9608cf58d9688e9b5b46816ae91,850
0x01d176f95b77ca6dcbadda21f6b8c7bf8ec3c3ee,850
0x01d17d9fdf660f9c79d9feefa2b9a4b71a32a9b6,900
0x01d2e7a456071dff8dbc273c1f6812d3c5f6ac10,850
0x01d2f11ad6668e28ce07da387d08bedd57f4a85a,850
0x01d36303366ee9e94c3cfed0c9dd41857d6f644d,850
0x01d37cdae14bc9e2e10b6a71a0c72998f44e225c,1000
0x01d3c79e4d3b314e43afa00e111dc07e2073e349,850
0x01d43fcfb3a9e93be5344d1011162d548db936c3,1000
0x01d48c3d1feaecce1256f98f80162103d588e830,850
0x01d4bd1ce999e641430deed48f715c2113da3187,850
0x01d4de1128e47b400187cd81a5cfae97a6e55bf1,925
0x01d56c115f9afd657dd4eeb9ece38d6cf73975d6,1000
0x01d5c613f8bd10e5e312a34a60fbdeae0add19e3,850
0x01d616e83175a410b31253ffa1f78ccb3884fddd,900
0x01d659a033bcfb4241fdfbfb95932a4e218805a3,850
0x01d6b75a2b5048b5e528550e84e74ce08df912a4,850
0x01d754f2a403bf165aa04aff1940176581263ba3,850
0x01d77b358a5e2b12d60e7bfec4cff8ad54b63fd7,850
0x01d7fe53ca0c7558c7a410ef969677a7e9ec53a7,850
0x01d8390b924427ace5dd259f5d0541ab9585a3e8,850
0x01d83a95e445a001194ab79a4d7cda5acfcf6dc1,1000
0x01d852b6949f38b027571b5baa713da88e5b4db3,850
0x01d91f7c1cbd33ac7d40842569789cc043890712,900
0x01d971f8b52ac1d3667e00407e48254380512e0c,850
0x01d9816465ee701cb650edf27de69b02fa272454,1000
0x01d9c396e5eeb80380af396b758f10c01100bbb7,900
0x01daab3d40bdda5b8125c4aecbaef6ee2f262efa,1000
0x01dd25a6619a9953e83668c98594f2d3035946d4,850
0x01dd5d5d0b0bb5bf8dbf7e6d6d8a711578534a58,1000
0x01dd69ba92d5217d7d089bd2481151cdff43cb80,850
0x01dda15bf1757e1e8542685c0c8b3362594541fe,850
0x01ddafdf69ca8f68849792a529e9876eca5b7c60,850
0x01de22e803cd36ef6a998bff17354ac530311e08,850
0x01df05ac0537407f6806fe2b043cc90cff0309ef,850
0x01df1820734306731510aa06ac7903b349f112d4,850
0x01df5786b43e513ba91d24082cbe82046199c03b,850
0x01dfc8d38640393a0a4d5f6f3b1f6cec158abf21,850
0x01e05c9e290cc8954ea88d811244139d6bacd66b,850
0x01e0647f46e0122dbab82dda67af432614b50f6c,850
0x01e0991d5803659f581a670f955b3079e419be3b,1000
0x01e0c7b70e0e05a06c7cc8deeb97fa03d6a77c9c,850
0x01e156b9378aaaf9215cc50f0e6b1ead24fff6b0,850
0x01e198818a895f01562e0a087595e5b1c7bb8d5c,800
0x01e1e6302187f122cbeee03913c80efbe4c049f4,850
0x01e21477fc4a6395ca9b6873c014a1c7181158e1,1000
0x01e39d91be30aaa753a7ff3256cd371abcc17d62,850
0x01e47909e37b86e1eed4b8bad33e4750b1f20ec7,850
0x01e49a2483d3337c0c4ba9dba68f28f6a36398ff,850
0x01e4ac55758ba9f93d28aeb4f3922b6a7905aaed,800
0x01e5a509402cd50fa2bf506a4ac58ac5fd2ad4f9,850
0x01e62987e05a45c8c304afa015d4fc3cdfcb944b,850
0x01e6f806b2d34a64bbd982731f49fe6babbed7b7,1000
0x01e6fd0ae73d9194b19f9b376065577927a0d5f5,900
0x01e7ad3b646b58a1e976230f9bf0215235132a76,850
0x01e859c314e9ae31bbd455affaa2a54ce3f3019e,900
0x01e8a979e7c5a1bb5c7af02a5f11263d0af4c19e,850
0x01e91f9f5612d156f617474a8c231fa3eda78f56,1000
0x01e9bdde9367a41dbb7883042d524720b207fc2c,850
0x01eacf1d1ccf7f656fda1b95beafdb3c7fc396a7,900
0x01eb9de460ba2c8058094398528eb63cb426e1ad,850
0x01ebce016681d076667bdb823ebe1f76830da6fa,900
0x01ec73e85387403880b4e3bec129011d705597a5,1000
0x01eccdb2d737b7a41f7aa4ee4358be8304b15588,975
0x01ef754f461fd19d4a7ed320c83967daabf3d303,850
0x01efa99a5c0b22ea6e5bfd65755c21291f3975b2,850
0x01efd269b5c99b2b64344f1785a47e25521bff14,900
0x01f0445e1b716a459c6ebe591396fd39a7bcf0ef,850
0x01f0592d70220b0bc1802d27d90c22ff40dd7161,1000
0x01f0d5ddaeeb6a72adfe7317c29e74fa27a7586a,850
0x01f0e6c7770fb8b2f5cc4192ac01fed4169939a2,925
0x01f0ff5cdd43d82a60f6a34728b71aa7e6f634c4,850
0x01f1653767650005337f99854cc99b5ee12229c5,900
0x01f19cf8a76594dcd6ad72d6968d3fe2267e63bd,850
0x01f1ae8f24996231dec702d1456eaa3b8f4d9efc,850
0x01f2f5cede4da7765dca5bcc7784d57951b39258,850
0x01f39cba6f6ca1cbe205655f397db9abc6cb05ef,1000
0x01f3f3f49de0fc38bdf70e8c941d972cdf870a82,850
0x01f4ab6cd1d55e15c361faf58d8f278df3213822,850
0x01f4f43ed2f3f9c5761851a5ec025035c5181430,850
0x01f53288c7cc98c053efeef23ba660ef2493f646,850
0x01f548245a230862b0344c2b01ee2c0c3295360e,900
0x01f55b5372ecaf891d1af44f9197361362e9e2f8,850
0x01f562afdd11c353a9b56028b2a34d2bbbde4b14,900
0x01f62341f6eb0b03584fca08c165aee0312b1084,1000
0x01f653058536d36bac0b16b90075f1f2acd83f4f,850
0x01f73f5a9da9f2989d9c3933a4b99d080324a91e,850
0x01f8739eeafd143dc5ba952c2731aeb98c309b05,850
0x01f890b15fc99eccfb75b97c6fa0da97deef966e,900
0x01f9605611b8490c0c70f40979c61b21dc1b6f3e,1000
0x01f9df3cdb1bef9e545192e05bde30c9baea4ae7,850
0x01fafce84d64cb19cbee9c511f7569432e333962,850
0x01fb51f8a664f0f2b7cf8f6eee89f7c1b7e05ba1,800
0x01fe10d03ae408b8af5b19b3b70c67980cf1bdcd,850
0x01ff3a6ae27f59ac1a706568749aac2632520008,900
0x01ff5a365d6cdaa587779491837ad55d4862e906,850
0x01ff899667efd1331384da95697dd2e6fc17c188,900
0x02011525ccae23e3593bfe8ecc18f716c9e67438,925
0x02018c095778c82015bc7e48df4154519d62605a,850
0x0201c8796114f0896085dccb8231db824bf0e1d1,850
0x020245ea7a029bcfc193b0819cbfca6e96675e95,900
0x020265bc7ecc8b018c496f8bc4c6aa3ed1784e5a,975
0x0202ef0ff22c58039de970c4460c9ebd2ed6b309,975
0x02030f00b8c816895f3ee4e341f381df245c8ba4,850
0x020382149c54575b9215b536e9b39aa57a6f6426,850
0x020421af918192bb67d35e9ff8caeb692bf4d196,1000
0x02046acacadb33eb1f56bc4c898ef0a54318c971,850
0x020549fe67d28f6fda4b7fc404f8195866110927,850
0x020636327a0ea3a6ab57751a51564aca8a266683,850
0x0206539c19b2791dfa12ef09a64f37bf81c7bdbc,900
0x0206bc8fc7c1e8635d14f73c0fdb035493f2fd84,850
0x020793b7db7551b1d70877579370096b3db0db07,1000
0x0208a135fa0a8236d2ff8b220037e75922971bb7,850
0x02090a54a4be0b3515a673b720381086a5fd59e4,850
0x0209707c0d22fdf56004f99d141df2e4a93ff21a,850
0x020989d06ab6d1900d1152ea3fb4a756e3ec096e,1000
0x020aa5bec1a613a41519421058cab6196db88cdb,850
0x020b1d7007c0d7c42fdb22ed5c31590ccab0c402,1000
0x020b932b9ba829010d54fb9c397955523b47e363,850
0x020be4338b750b85c73e598bf468e505a8eb76ea,1000
0x020d26d3389a999835b7f666e8b3c5efb44f12e8,850
0x020d51824fd9968c7620a703120f6fcdec8cc33e,850
0x020d56e549db2ca35fac74118b28f159500701c0,1000
0x020d8c51dcfc958099b4bdd433492c0aa7dbedcd,900
0x020fdc5da72fc36e81a5cbbee9baa451cacc9f8c,800
0x020fe455d61d20f1f7eab9c3f9540a3ab8a35482,900
0x021028695eafdde60e139d87000a8bd6cb65645e,850
0x02108bb399fe187b5efa1174a94c9a5944f9d7b9,850
0x02109c4e00d7a22a9e00ff429a42ff8f14ca090b,850
0x021174b0d7d6040b503d7a967e9b56c0ad40da5c,850
0x0211cc3e0a76e7638b6d2f540b444d313448eb91,850
0x02129dacaf309e51cc4f6f0635876f03789ae77b,850
0x0214917734b5d8ea94239b31df6cb2762e7b9dfa,850
0x0214b549ba0b87c4e614e0c986036cf6c1a9979e,850
0x0214c5c41f5249166aab9a12213ac0e2119d2cc8,1000
0x0215c2f6db85805f14b1336a9fbb776f3f4e761c,850
0x021629275e3b9846e1c274270858923561738de4,850
0x02164c173b2043edc72d4a72e88f661a4da3c779,850
0x021690c899ae56dbcf851ba0305659d39b557622,1000
0x021692861cf66465a67474eee95d3aeb60ee6171,850
0x021699aaf005dabd166bf803c65fc90529fcff4a,1000
0x0216bebed0b277842b010943d820e00993127859,850
0x0217a24fcd55d5efb5e3805c8c2cb317098c71a9,850
0x0218326332b562c795c8c014e441fb8816bc64f6,850
0x021925c5be94b49d67576ab377b8e3073745b035,850
0x0219a224a191ac58ae6ca71dd2edcbdb5c7423a2,850
0x021a17e276d22dbda6b262c1c67ab256b9b06857,1000
0x021a8b9be65c2c5f0509c2350ff119b2b5027d50,850
0x021a919bb0a2e9ec115f58b6347edc8f63bc3056,850
0x021ac46670e1c00e1151bb6dd05b4d1bb10aa4ca,1000
0x021b267501e4946dc87ff450efd326377c47240f,850
0x021b65231f1b70a5bc05e3f6099339494b72275c,1000
0x021c6758d5c8f2dc1317a9a6c155dad02cf85b98,850
0x021c7886dee93cabe5960f193fad895441597fe2,850
0x021d5abea6efbcd5dba2c8ae9237471448ea0856,900
0x021d8505c6526352848beab51d87f89ea75446a4,1000
0x021d8fff35bf18608ad5e5e979bd59b21721f9c4,850
0x021e14e26f9589af38507e5f9a05cbf83ab732b7,850
0x021e25bf7703ddc1b03a6000696ffc34d3c53711,850
0x021f017127a021040b0ee4f3ee0c8bc1bfbad505,850
0x021f38631f346fd5b05f6e73414881b29f959b88,850
0x021fe7301b7e40ef740ba6bc4957864967aaa2f1,900
0x022064c9f712b52d7afff7263527eabebf59a71c,1000
0x02206509a713e003bd099fd12a2edfef9af84665,900
0x0220848dbcb1403f3faae97e30dd2adef05cf91d,1000
0x0221049b11fc262500edcef74c4b84e9454b681f,900
0x022131eacc4208eaf3e3b7cda7f17b267f529127,850
0x022170e70f0332cd8bf0d1578694c5d29eb9d79d,1000
0x02228784b938b4463de83d66bbfcde22682569d9,850
0x02238e3ff83f90c8299663119271d24a105158fa,1000
0x0224b2311d5968fa00a42103788b2f4ccd0651ad,975
0x0224c4b1947b01be8f3c0629a65a05a59174905a,850
0x0224c5a4e8bb58fcbe9e537ee8b9ac2f874a6ad9,850
0x0225949faef9a120994a5501e30a161b418b6371,1000
0x0225c9cc9a6413812b15ad1c706c3c8b90c0459f,1000
0x0225da6feb71826cf6982af99cbc86fced60dad0,850
0x0226650b3c0931feaa9330611c1afdfc3ae02aec,900
0x022701fa58cdb70211a1d7c7f54880ecb0a6696a,850
0x022706bf59a56d4eaa13c079e233bb39389148c0,850
0x022721a2c92011474105b443c3f4b00cc17e9b04,850
0x0227bca5020404a04e76eb3b2c4162a4ef9f0ec0,850
0x0228213c43f6c2634a1bdad2fcab7316256cdff6,900
0x02284b35e4d03658aa5f6e63320c1185ed916258,900
0x022860885b57964e4daa35e0838a9427a861ef65,1000
0x0228c4032162fc5485f00f2638822c15f32ca561,975
0x0228d303473dba1d64a1ebdf22ffa011408bf93c,850
0x022912e31d168930df41a7d0860a588a53a2fdd6,850
0x022953327bdc06b41b8888e6cc8b0b3eaf8f9500,850
0x0229a3d4fab214ac8ae4fe6a5bb1b7279592ac9d,1000
0x022a09f4cb866d4d70853c9f8d50ce33f1fa0db7,975
0x022a109627e1f304eb65977c61b99b0b894868e5,1000
0x022a4e92b9a9b3334d61c6bdfeb6dfe9bf7bcc7d,850
0x022a5be21c7b835e1f44700c8845d97d6d045a73,850
0x022ac4cd6291b77ba01ad70f61f5fff60198ed82,850
0x022b36e7d24e441b4d5e8293b94552773fdef176,1000
0x022b3fa410364e1e28054b704b0da3b67aa6dc90,1000
0x022b4cb0486ddba599ea38a28134ce571883dc5e,850
0x022b755d4b5db88a2c32499fa667904fbe24c928,1000
0x022b8932c3ca883592e054a6ea2977fe4f4dbe7b,850
0x022b9608392711481a768f61a7305747d33c2649,850
0x022ca32d31da3ef85922aafd9ad29c5b2418172c,975
0x022ce4715b44ef6f0ead8561b29da676928d16f3,900
0x022cf8fcf32a0af972cb723d82e0120b43c79af0,850
0x022d41d3071853f439b0d861a93ff9834b822d36,750
0x022d9d334a2ff3ccd372fa345c87106e3428b0f4,1000
0x022db3d2cb668693ea15009057076a7f5e973ab7,1000
0x022e790edabe6999a2b81dd92f685093f4371b70,850
0x0230b6df83cc33bcf9c7c29ace1ae5078fe36b74,550
0x0230bc307520081725023ab397785a35a96f233c,1000
0x0230d420819b2654845fb9c570ac53c969b6c386,975
0x0230ddd091c49400b810ba8cc3953de9d803a75b,850
0x0231941abbc3dd9ced1f3279dcf862ff5c233c4b,850
0x023199a96a6e1ff70f46d6c6f4b3045ffe41d2dd,850
0x0231ef83f09887b434cbf714c3e2c1a53447f2d0,850
0x0231ffe3d56064d3e480fbc47742d6bfb59a9101,850
0x023234656d0c392c955965ed34e5b4862ffd1574,1000
0x023361359d0b6214e3810116f6e4edd51c24edaf,850
0x0233760ac2ae6fa40dc3864ea95f7721cae8ed2d,850
0x023430b58f86aa69730c8ab59fad2d2f4eea37cd,850
0x02347ae1abf2e0cd763a592842aa5d6548ca0b3d,850
0x02349bc43d584a0f18fef86627d22eb4f362454b,900
0x023768fbb4dcef5ce609f8d262cebc33860e9c30,1000
0x0237998acdc4cf790faeddbae7d2c6b223d4e938,850
0x023876998090f4a06ad08b13fd942e44d3168d2e,850
0x0238d0aa37457dc99a0e9a41d109b861f0aa0b96,1000
0x02392917c57206903ef11d936c65d3c454fde057,850
0x023ac6a83885a2fcab7d5302534e5b3879e744c0,850
0x023bbf778d8f5dd2e8e469f6e627f57d3b97faad,850
0x023c3e0bc65999c66d0711bcb2e2d30152895fd1,850
0x023c43727bec8aeb89a47d828af31b99e97308b4,850
0x023c95f5975ee83991047a4019a8fe7e4f8c56ea,850
0x023cdc94241a89099f4be29f13c02121744451f1,850
0x023cf85b4b860caa294d518e7e1f50b45361f3db,900
0x023d1b3fb8c5159dc8c3d216cfca0ba8937a074f,900
0x023d208c4ded862fc9c4b77f6f751b781019ae9c,850
0x023dae0fc6722a75972b277d5ec54885177ad68b,850
0x023dc0303836189bf3f921476a51ce6898f180ad,1000
0x023dd37773b7aaf99ef979f3b3e0e89f1e838bcb,850
0x023dd591110dea6c9414787180e9c7a0c779c0d1,850
0x023df098661175cddda47704d6cfef8fe5cd9c83,850
0x023e358a8ed5782c72ed6ada3b71b41fa234e74b,900
0x023e73aa5dc6a1feadad4410abb65a010a710fdf,850
0x023ebb99d4b85e6470c6e45a3f2e70ab446d3e7c,925
0x023f57cc43fb63b4d6d5a18f8f656d828c40e489,1000
0x0240099b8b2b9a5b408e8de96131e93ed7fed9de,850
0x024053954b25e537a1eec0473d59e9d5e0b54200,1000
0x0240a0bc68d5a23dcb87ff51960bd67d01f6e247,850
0x0242b6cc997fc1c438d01421bef7839932d9de26,850
0x0243c7769ed199491b84409f3e70dcc28a94acf5,850
0x02446a7eda8401db1e3ad37060042b14910350f0,900
0x02447847989945cf88041ee712d9cd8dcc8ecc36,850
0x0245126a00cc1d2030adc172e8940daac4cbaf18,850
0x0245f104b40838219ccb47ca912b957848072e5b,850
0x024606f945ea417907f07bfd1965b8e41260748d,850
0x0246b0a279dd8466ecba9b3b0af5f51076763e09,900
0x024703e2966869ebf5a522a2796ec53e31bcf9e1,850
0x024713784f675dd28b5ce07db91a4d47213c2394,850
0x0247461af9aa7b6c38901ecc1ba56ec07b4481a7,850
0x02474c6133b2e0de0e50811779436aaa300e49f8,850
0x0247542b512035f5d1373358e86683a04b1c1769,1000
0x0248d827e45291b75c60cd9c66cf4d5b8ed4223b,1000
0x02491d37984764d39b99e4077649dcd349221a62,900
0x02499b7b592820c7889e9dbe15a15d314c811ce7,850
0x0249bea8bd7820ce8c8f122dc48ca1a2adda1ca6,900
0x0249e53c098646467fd551a8e16b1afc1c40ae7d,850
0x024a9d082eb98a353c3583bfd0050e2410f330c7,900
0x024b52ddd4a3562768ecd61b1c2cdf35d0613e0a,800
0x024c33affbf5499b02d97ccc3358dcbc7640d1d0,1000
0x024c74f59e3c377510243e305573f393ee48e9fb,850
0x024c96a25f56b855e2b50338ee6c0540205fb3ee,850
0x024d37ae44d299b9cef36d348232a66801c3a25a,1000
0x024e14fa72c351f132475f297f64521a7fae286a,975
0x024e1c249abaa8f5369b3f4c4ae2b42fe4a42a1b,850
0x024e3c5dce2044ccf6b28179b88e9db503ee5c11,1000
0x024f9b9537996ff27e6d57469418b14b77d91ce6,850
0x024fa9444a644ca26705a48486b05d74292412aa,1000
0x024fc1c9a1e23106bcaeda73744f4acd742e378a,850
0x024ff3388331e62d6f9503057d211d74650b1998,850
0x0250d8bb140926f8ddc259c9387fe34ce0c8c57d,850
0x025123f35f34993e0ac581f118271e6170e2aed4,1000
0x025145e68a91730eb521d9969da9dacbc73962b6,850
0x025173dbf24729ca136788bfc953c52d68f76c0b,850
0x025199bf0c349f6cdc3935d708d08646e3960ba3,850
0x0251a94286c3a2cfebefd2558b916b7a6c180476,850
0x025240adb2807492533b854de7764e85223c43e6,850
0x025297ca7459dd67dbfd8443d9b5f321e89fad83,1000
0x0252e3524f4d28702b6b3ab7aa7c8eacaa9caf4d,900
0x02535f81854b731a185a765286f7196c6c2b63a4,1000
0x0253a60208a4b7e121489955e1c4c53c5e22eb24,850
0x025414a2fee2c30ac83ce3a4ae7e38e6162178b7,850
0x02541c321cf0f1bbbdec7325d816acbd2aafb882,850
0x0254569fb995558c568b0ba40f93cf5789f3eaec,850
0x025466fb7e5351313939f54399fae325b62e53bf,850
0x0255c9d3850caca1152aeb20425c264787661692,975
0x02561edb032a795fa02e46d1ec922ef0fbca14a5,850
0x0256b3d533b384fd24bfef8f61491ceea5426b5e,100
0x0256ba1f18ca0f91a93bdb2f218d91dd20ee428a,900
0x0256d43f6af4a9c14096c4d188a8d25380cc1e95,900
0x0257272644deb3c685ec485700b7ff8f375d8879,900
0x02577874b50993e03070e7c7eefa78eac31cadd5,1000
0x025792a600b4844383a838f9ca9d97394ad23369,1000
0x0257bc0be8a81893f201dd679e561e98b155c264,850
0x0257c9642f615dea26ba140f1f6e2875eed04031,850
0x0257fc2aa74432212668a587a6e3ff0c0df2e317,850
0x0257ffe501e6d7670c5510b6d8a558eddea79475,1000
0x025817be5fbbe7db8bbac15f20c3c81852cef12b,850
0x0258527810d6b6317e2a8426c765f88dd4064cd2,850
0x0258aa61198204d52dbed666326bed75b3a09126,1000
0x0258fefede90decf71000c32412f33726b27d5c0,850
0x0259575795db48a8dbc036ca387762c95ceee9b5,1000
0x0259dd342c7cb02ed24445342620a1a502770d48,850
0x0259fa6d53ab21b16d8d3e95b81c99b5b74cff8b,850
0x025a17b52b74fe913eb751ec001ed71bb188aaa3,850
0x025acefa3cf20e71f44ccd3b81e2c1924602c48b,900
0x025b6d0137e847ba5df51e8af8508e4874d2ddbd,800
0x025bbb8ef2d8ade3ae7b2ed26765be344d94296f,850
0x025bc6b46c828a9cf89f036a447c269888207985,850
0x025cbfcaf636265ea78a5ca1bf1b688a84a3afc2,850
0x025e5b9df86443eb28827645c3db2a9a36c3d670,850
0x025fedc5cf1f0a2317f991a0d43322f763d1c245,850
0x02608d35121db289427f6fd4fa53e93b5cae0bdf,700
0x02615eb2838102011972e092add331d9e723448f,1000
0x0262af8dff0aca22f8484e83b92d55328701ecfe,900
0x0263c0db809c695ddb08c0fbd4b0c5a2e41e9b1d,850
0x0263c51c0e9812f7702960c62678311867cf869f,850
0x026439f5f63c64472aa2a6c639003e1f5e8c8058,900
0x0264ac5bc4626a76eb59a761b1075a36c7b2b860,1000
0x02662348a0c536e9444d8bc3cb6f9a5af39e3d18,850
0x0266e5afc61b51f53d3aa70dc6f2438656909d94,975
0x0267640eefc2a0c4ed2c3b7fc4cf7f920a215b4e,900
0x0267c58c62587e65e816d39570769fb34c9b4ab5,1000
0x0267c774380db18ed0c9ca3e41ed086e53750480,975
0x0267e55f02fcf8a26a2f5674321e02ff1971e6d3,850
0x02682dcf41d8edbb797dba7a1b8f761b52cc6e0b,975
0x02688d5a7262c765ab251eedc673364e2a223f9c,850
0x0268c472991073c5b959236d916b6801e5f0ac52,850
0x0268f26c311fee1e2652b78e0f4b186239bb30e3,1000
0x02692deba5e6310b82cf8169058dda036cec8299,900
0x0269ae21dbae267fb041ee16ba8500dd0fde2f2d,1000
0x026a45e4ee23f6777ef668cc21ce816e791926fa,1000
0x026a55d367905cc892280e5ba04d64e9d745b86c,975
0x026a70d0c086a56cc9118ebd416e69cc15a0ad7b,850
0x026a94e94cc11b082cd663b9d92fd07a6d708887,1000
0x026ad6ecd5124809d5f3b393f6a94ac195ca55b9,1000
0x026ad881fc19964d8d184b4a691d049cc59a45a6,850
0x026b3b45e33986244fbbb060d1387bc896b0da8a,850
0x026bdccdd3a4327905c1075ae4b90908ec027add,850
0x026c2da77a4584478550de459a6abb848519ffe4,475
0x026cfe8238076c5500416ce21c6c3b3e00484494,850
0x026d639c41b00c686ad758543cf569dfcf2e3d4a,1000
0x026d91ed039c1c67623df86c399c13deee6a9365,850
0x026dabd6be7ad158b76eb7a2a3d4f421f52902b6,850
0x026de7b3d021dd600438f69e49c0e34495bf0edc,1000
0x026e0a569b23b6afac6520a977fcb83192f370f1,1000
0x026f1313e8e40682321b7c819223575a18e537a6,850
0x026f60f1b29eea84a8c02ec14f2edcb3369a8c7a,850
0x027011c0fd7e86ab7fcab831b204fddfb6af2ed7,850
0x02703abfdc84e7614bdc52f9e65952a8c0ac4a2a,850
0x02704afeed85438de25e9c73ca719b6940e2ae02,850
0x02706710a0bd191361d1935d74e812a9c588cd05,925
0x02708e817ac0bf55c3be213a59fbf133f1ef741e,850
0x0272af7b463992f2ede10d8f67da310ee493caec,850
0x0272c4b2d9fff2b858a0cae4ddbf162b7871bd20,850
0x0272ee737cde66c1b4d41fe77eaed028d209a477,850
0x027342b26e74ff005755d532f4035ec78822621b,850
0x02736d5c8dcea65539993d143a3de90cebca9c3c,1000
0x02744561ef8292feec44b87d08e8961bb4e29bd8,1000
0x02747fbebef61554592e17ef33d645a3780890b4,850
0x02752126b20e1ac22e068e29a12bc03d206711f4,850
0x027747771ce20e60d24344e2a62a1377960cced0,900
0x027763281d2088f8e23a42be830c244631e344ce,850
0x0277c418ad9186e3de965d28da09ca265314e6ae,850
0x027937f64f35377f87e8a8318c0370d74b456cc8,850
0x0279431a5e11d234dcf1d4493494db9f06ea42cd,850
0x0279a66c8fc0e8437c4c3fbd428da735c830ef16,850
0x0279ef39c3029af541cbabcf8e83afa0c96e8782,850
0x0279fec16f8d9195ac8345eebd1b6786e3336519,900
0x027a12b07a0b4f8199fea7e1b09ee9907a995390,850
0x027aa5f566399e167351f745a3bd80d8bacaa755,850
0x027af3fec91de9714ad0540be7b03487f332238d,850
0x027b2fdf7b0793679acde003a5e22e17a4803fed,850
0x027b6146248b3a7648e7c7e243bd01e1704bc3ca,1000
0x027be761f83937636dc3bf635e2868f8c60d4e99,850
0x027c04aae42b4143f5718ab191ef5668c268c09b,900
0x027c50af86f3e7e4663f9933e48be032720fa8ff,850
0x027cb2d88746942364a7f8af881f3b69e9d08662,850
0x027cedb5d69afdd68ce27cf58dd6d05a72edc4f6,900
0x027e5ccac847d32be8ed742741d83a02fd9569b3,850
0x027e9fac2d42f779d2232b76e31a3b7cbd955d70,1000
0x027ec37fe00524dbeeae9c6ba96164f84eca09bb,1000
0x027f08f671c30de73da57a5e17c9a052e6fff567,850
0x027f4228e1c3080b77547885ca9297c2a410ce75,850
0x027f8eb5a7e2607c679b797dcd10193f03238ae0,850
0x027fca5dce8baa10e93ca93d0f2150e7ca4d4107,850
0x027fcbfa8ac860652c516b16a2f02080917489d2,1000
0x027ffd3c119567e85998f4e6b9c3d83d5702660c,850
0x02803ab2f41603f75d57ab98871baf84b0c80e90,1000
0x02803b28b29a24d895e523fbfa561700e01b09de,850
0x028062ffc2a94ca94e464240142c956d10fa449d,800
0x0280ce4e1add2b66e6fb0588976dec050c141135,850
0x0281531ebed0d369e29f29bb4295be46113e422b,1000
0x028179cc3d6dd3e3f98086134062eb1f7236ae1b,850
0x0281817134298991d74fb31dcb3efa1e936a4c25,850
0x02820c1f9427f1c82e1901f1e7cadfb150560dac,975
0x028216b8e4ddc7b4272eea40afbaecca24f30b46,1000
0x0282887135e0d365f4e4875870f86bbdaf1e39c9,1000
0x0282dab7d9ba8b1f48d053dbadc4f3ba1c9cde59,850
0x02835133eb28375ad3e326843cf7c60ae4ee2634,850
0x02837591442503df088054033a4b4df8f2761267,850
0x028376711aef541bf1424ac8ac0aba60ec91df46,850
0x0283b39a24e3c67e48fcb05dbcff44b31a0e41c2,850
0x0283de3def25719ec46cb4db3bb1693f5af5cf6a,1000
0x0284481639f1c8e0cf1e071d644181d7ad876293,850
0x028560d6943435b7e129c1872b67f36d65ce3b41,1000
0x0285b14e8ccc8c4bcb7cf0bcafaf6965f573343e,850
0x028641d71b87eb53da604565ed4fca4f7585f663,1000
0x0287445f647c448c92129fbb2ef816f43b0c0bf6,850
0x028a9d6c53b9388260474435e6781c8237adf1fe,850
0x028b43ead0c73b7099360e8d1a97d8daeed5b3bc,850
0x028b71522a2f1e60270bc545827045a6d88bb2a5,850
0x028b834fe5fc19bd8e5c5393c70b630268833d7f,850
0x028baf20c23e74a7cce3b3120bb95ab8d1e35278,925
0x028bb67ffc951c70e17826a916a9364f54e11e0d,850
0x028c0a2384ee76c564023f477b5d318a89161c16,900
0x028c68b65e6c87ede62b33c62824cd65c80e2b2d,900
0x028c6ca71aee61d84266c8ebd639e2db5800018c,850
0x028d10812993bf789c9c8789316f03e1985f07f2,1000
0x028d51a69dd481428f5f1f3b222fd7328f155403,850
0x028da245d4add9bb4dd4a6ba2c0be7b683f0ab69,850
0x028db8e94e0836bdaeba5b743e0d400a3f9e90df,925
0x028e086f46912e677b909e30500c535aa10766b9,1000
0x028e7eefc575b3113dc5aca8ff3177e330e0219d,850
0x028edad1e233e1d094925ee54d71368bce668f36,900
0x028f328c1e4ca62717b830db377ee1582bc1ece2,1000
0x028ff776949531aada1fe98372b0f596cf170563,1000
0x029006c55f810a12a7e2e4d2ab756417e8e511e2,850
0x029083b69bbba772dafec650c4e23f6490d93125,650
0x0290db8c9e32507d9ff1dd5a5bdcff32ac88ba09,850
0x0291f3886409579b55806283a1e3865b82d2ff74,900
0x02924ba1974a33fe4563a1f2b762847a2233d496,1000
0x0292c117e0fc26212b22c5843b9755e7b676c6c0,800
0x0293fafe77e87627af48a55ec2129f769a9cb270,1000
0x02940d1967e4e8d67d47ae49dbaa5f596e471475,850
0x02946828dba18fcb7cd09e9ebf891ceaa1bd7aa6,1000
0x02948cbed87c7ac0beb2488396a3886b9f656634,850
0x029540b12432897be480e69f38001b8e29ebd295,850
0x029571abceddd08d74c97010eba66f0a7d13c087,850
0x0295cb6cd98aa3f2a8ae832a1b9c6f2b8a7160df,700
0x02961914072c1aaa8e0a3c8477874b311079b800,750
0x029832df0ace2538cdfbbd4fa198667ef84e7f68,850
0x0298b2ecdef68bc139b098461217a5b3161b69c8,850
0x02996c1eaf1ea3de391ed7c748ca6c0762cd5f04,900
0x0299cb22804ccda6eb64b5c891de04d9f526cccb,1000
0x029a3d224e8c5daf8d5126f35502d7aecd23fb02,850
0x029ac3b28fff4be7c9b8853210a15c45e733a0b3,850
0x029b56845268708b6b05a90f761ebfe15151c738,800
0x029b8b56a2b189b9485d32f60884ca1fa1cc3d6e,850
0x029bc12540dc84ed8282d36ebc268b5762a64346,850
0x029bcb2e9d1e503e747dea7d0a55ebc055f9b03b,1000
0x029c7afb648193e67014467bf18beb4cf395c879,850
0x029ce20ee686f00a1200b116086f90a682e30092,850
0x029d4f3c7a8f23ad7316731f271d4e194538d88e,850
0x029d81af39e6969033906aa51ba0a2e5f055fd43,1000
0x029de7a8c9511978c4795beccf60553d36318cfd,1000
0x029f19fc5a2425a4f04c3e1f6855af0afbcc3c93,1000
0x02a06a60b8b437bf6cf79d0a5933908525a139e5,850
0x02a0788f463bf8fa2754fa49cd89cb1e079ca046,850
0x02a0f1a59940dddb35a38327e93d7abb49e285b1,900
0x02a15e66e82fbf790b363a7c2786dc3b8d053425,850
0x02a16e93539e8043766befc1d941835ef18a77d9,925
0x02a16f8df2b11b3a0c9f47cc5d705830792e3e6f,0
0x02a1da62dca18761b1e0f8a7bb5d0a596f58a815,850
0x02a298c6b33b6505e15faacf4f52ffcf1c43d4b7,975
0x02a4ac561a49bd3f4a51f97b8f5d697a4eeea26c,850
0x02a4b730674d63f39160a55a73f2d3557a230c1f,850
0x02a5948adf2f74c62c6feb8282786e4303e5275d,850
0x02a5c129419ffe445e6c07357715994a513741f6,850
0x02a5f4b01a1e60c1c1e96b7e5ccff7b083af88b1,900
0x02a73cd5c9135b68798838407a136b41ddea3c5e,975
0x02a73d22bd486381e61eca664377a06c446d5316,850
0x02a7c650e9a1a2d66deab637c07e1d627587c083,500
0x02a7d44b26eb2d8db454dbf7b9411ca9346cb1fb,850
0x02a7d80d21a3ab1719dd16ab66d716e588d79595,900
0x02a804c44c2ea1f8668904b3f52db0b41cd3782b,850
0x02a83b64466333f227303407d37c7e8e8fefd5b6,900
0x02a84f912d51ca31f8505789c648b842c576cf45,850
0x02a8f422e4623cf409b2a1a64a603b16357ea9da,900
0x02a904869e43d0be61a71f2e6e7af45f9dd27988,900
0x02a9cc149af402d3be54456c16da64f5004d467d,850
0x02aa6d3779d28383d69cd4221cd7dc2685011337,1000
0x02ab1b3a8ac8e1aa17756058e67ef68be0508a2d,850
0x02ab74c629a0cb6e86e3cddaabfe05ca79a73bb1,850
0x02abe3cc8093daacee107e802ee44cb5f1379e1a,850
0x02ac4c9dca975e634793849092d2d5eac8d088c2,900
0x02ac7fe137f02f295382a5b9d298ceac978c96ad,850
0x02acfb247839cf5215aec318227dda400011e2ef,850
0x02ad56758fef56099cf57531d0c97bb1aa1f076e,975
0x02ada5d70b06b6db17011ed129b9b1738de45538,850
0x02aee0ce756fa0157294ff3ff48c1dd02adccf04,1000
0x02aef62867532fbddf4521b3889a5af09b5333d8,1000
0x02af03e62f2b267f460455f60f87842fe2807b7b,850
0x02af6f4620c185ba1aab781282a67f21106a2d61,850
0x02af867ab593ffb436e9102eec9b1ca5a693620a,850
0x02afca5527ecb2ffe3ed6ee9ae776c7d5da88923,900
0x02b04b832848dc70f98cc792cb005819df0959eb,850
0x02b04fd27fb898e6face6df1888f72906b5ba11c,850
0x02b05a37642df584a9586ffd1008b1898f470835,1000
0x02b0f2fdd791d194a5d941579a696894d67c38b2,1000
0x02b13fd8e0557ca41834df8fc2922eeadf4af6a7,1000
0x02b202a0389ac791190121c2508e3532ad2cd297,850
0x02b21ae22bda250e3cbeb563aa9b4192ac41faa9,850
0x02b265d2ce756e835b1bff29e9a07e77d02488f3,1000
0x02b2922c1163d06facf7c62d98a35e687e2741dd,850
0x02b2b3835e863da7c7aec928586cee0b04a261da,1000
0x02b32bf15b786bced6a40e1834b91986cc30531d,850
0x02b3f9bfdf978bbe7434467761a706d44311a065,900
0x02b40f2f6b29db95866775e732352f6686885fa3,900
0x02b42cadcb1d54d586d7b19c4b40ccb858d61640,1000
0x02b4d35435f702921a56b5c993c999b6b8eab1df,850
0x02b537c80038f273820b51deda8d904b8f2748ef,1000
0x02b56b480fd9350fc83dbe2918a76c60232b4001,1000
0x02b6073eec33b4c9fa95ec2d59bf433d389cb55d,850
0x02b654a6fa9f1b4ce089af16a04401faf035a2c6,850
0x02b664da23a3b5480f710785fd5926ee1d055788,1000
0x02b6e3488b382c93f3f80abb237eb9fef16283be,850
0x02b72485ecdaabd5f9af68d9a5d2b2ca54d5339b,900
0x02b87eca370a3af303d5dd2d4c1b76c517930cf3,850
0x02b8db8f6d8fdfc914096ec6b20c9e6712781982,850
0x02b933d8e2a4dd4a4abf60908e81c7b6a7e39273,850
0x02b936ff5f54ef91b7e9e6fcd8aaed1160ee01c2,975
0x02b9dee806bc6e1093e348336d35b0866908712b,975
0x02babb5826d85c6a6354b923e94e7e9bb2643507,850
0x02baeeb92d7dac6dafe75d5f46fd045517c8f2e4,850
0x02bc46b19b1ea69c3e70918c899526e5adad7435,850
0x02bcb5d5a59ec3350ec2bed6c7ffcd5d566d9574,500
0x02bd126623a52f35c2df74208e73c5c7ded740d3,875
0x02bd653274feaa6e43618310400c5d1337758d1d,1000
0x02be55b9045cfa9195e851c35896b33da3693764,900
0x02bee0a17903cc1f2f48b4514ec23aae547fe4a3,1000
0x02bf4268c84ce1306d1e2af3c2f54d2b3214658e,850
0x02bf9d9885ab40a40835e137449db9600f366e6e,900
0x02c140cd842739c324846893adb64de09026b3f2,850
0x02c255ff1abb3242d5b2f325b7fecd1322cc40e7,850
0x02c2a7e2fdc63ced0c3c2534148b5f71a20eaa23,850
0x02c36a54388cddeaaeeb79f351b7e00b882c41d8,900
0x02c3b69b7588c4d117ea0eb4d7ba809f9613f470,1000
0x02c3df430a4125a05feeb5fee31c0ee911f952e1,850
0x02c4a7b6f3e7743ceae95a2d7e6caa58ac0d4c66,850
0x02c4a98ccdfca694807554bec1cff46152b6d3d8,900
0x02c4bc6b7dda908bf89bda10cf8dbb8649823284,900
0x02c4ee6974bf68b002ea221fac8203f182d8a0bb,850
0x02c4f4a127e285550a192ac77c715b6f2e641e99,850
0x02c54f73a52ebac634c7365d9e4136370e18a7ad,850
0x02c58ac2ac1029aaf986a9be4adb656c813005a0,850
0x02c5c964a7e7a4daed55efdce3859e433d739ef1,850
0x02c6e7836e1a500ea2bf6cbc3c50c1adf742b670,850
0x02c74609ad8db018a47aca47b3d5f500025955e2,850
0x02c88ed34fb04d51b3cad4cd7823f998440dd762,850
0x02c98fe643a484a9a6b1bbb656c13bc281c624ca,850
0x02ca089c541a1e8d8cec24e066d7ffe2085cc528,1000
0x02ca884e10a36b822c996a3339bdd21417a4d092,900
0x02cb1f7dca91c6987bd4f889b6ae03f18420082c,850
0x02cb44df23e2a5840eef59dbed570aad6401d3fa,850
0x02cb8ddf0e9fd20bedcdf13d765996870928864f,1000
0x02cc8d6b7f7d73358ff67589691532ccd8f43fd9,850
0x02ccbf14d05af1bba1c85c0e4ebe34450b4bc3a1,650
0x02cd2b4bf11e6de846447526202b5f69760e7efb,850
0x02ce4a17f3cb0f68fa99d7b275c28c4cc318add8,850
0x02cee1b0ef2c8a7d31025b35b0cc271f59815035,850
0x02d0a54ce6f8ef3114c57247598ab66394da9af2,850
0x02d0e2b7b3af01c1a4e9c7e0bbe6bb58c09e44a4,850
0x02d1470908285f35efeb65b00162134ec721118d,850
0x02d14eafbf2724a0bc5e7c6fb21a799c7e1eb2b5,975
0x02d1a8ba9899069170eeb5339b300ec46ae0c8fb,850
0x02d1ef1d65fff7ad234b7e0d11c853cade2f513b,850
0x02d2324ed8cbaa5405ca0e76c01dfa7c51b328db,850
0x02d27262a78932e692eb9330646987559670bbda,900
0x02d27fa03e3443a5aa5db3bbec4c9e7fa2695115,850
0x02d2c85be49875baf06525167bb4797746b77f61,900
0x02d326f3af9a097816a145dbea25100059a5cdc5,850
0x02d37ff31824b401ef5c19579032dad4d98a8d67,850
0x02d5333d35b155ec5876f3a355b845ce37d2fd04,900
0x02d6190c22293e010846b439787d304668783885,850
0x02d6f83cdaaa281a48c8e2627eac84a6c843cc08,850
0x02d77fc7307cd7ec962eda62d25936156a7a6492,900
0x02d7da92ffbe43fc603bb8b5c5ccc032dc616d51,1000
0x02d82a2663905f3ab3a880e257b9e8239949483a,850
0x02d86f9846faff28378cbfb438e2f9a87b5e7682,1000
0x02d93e0bdcb28c88add70252d7a70168c269d6cb,850
0x02d9468f3794ad392949d3ef68750580046d7b79,900
0x02d9cd8f4b86421bfef64deaac6afe246eefaa0b,900
0x02da3599bfcda5a872b1b7158210369579f795ab,850
0x02da983db0d963407f2e95ae60df3bd648c8a92a,850
0x02dabc929961b484b6e41edbe3c25b97f870f507,850
0x02db6d1adc9e057240ec42dc7bb952a254534ebf,850
0x02db807be71c8ffcaf8c69aa313292d382d69dd9,850
0x02dbd1aa375c7d00ecf1de198158ffa332110d47,850
0x02dbd660e8ee9d7b7fa41bb28434e6f9ceb66989,850
0x02ddab581f06982cafddb23502714e485aa96df2,850
0x02debfb86afb43492c458869bd7904a897f08237,975
0x02e030f6975cc1cbda531b11ae4fd7ec698600c7,850
0x02e052679578006663d478fae910081209b4026c,850
0x02e07cc7e01b1ca69c0a6de55bfd9b99a8f0af3a,1000
0x02e11fa8415aa760fff68f184fc1dd5f95aefb88,850
0x02e14b3e880efd1cb8a504540d31d91ca311280c,900
0x02e27435247f11adf8c7544af31dd6098677ea3f,850
0x02e29372ef6a6f563cc7fcdd78c1b6064b502eb6,850
0x02e29a42993eb150ccf30ec2bb3dca160d763c89,850
0x02e2b3f9e177e918e67e25b1a1b6a739049f9e22,850
0x02e2e0296a3caee924b900b69f7b3ebd16729ecc,1000
0x02e35b8e24f99002f568f5916de89874197f7a06,1000
0x02e4ac7c366cf7320bc78b816b162b26d605a4bd,1000
0x02e51d6ce16201a28eaa7de9c8c4bfed25b4b081,975
0x02e60b50d9788a17055afec468b5d17a38b6bd9d,850
0x02e6277d21ba364845200b883a7a230f173122a8,900
0x02e662fc8e76fe69ef0bea015f0913590d2769c0,850
0x02e6cec9cf4d077956d9b2b2ed8175aad46fc809,850
0x02e75b9654e0d0711b877120c7e1a86b2592e380,850
0x02e7f65e93b4730c3092412e3db85648797316f9,850
0x02e883c27f8fd486e8d17049c58fc0469716c04e,850
0x02e96833fa23f6d8676c5f55ecdf46444bcce438,900
0x02e9d2239578bd27634659f59fae4df9bac4076d,900
0x02ea60c42a1ed137b04eb4206977a8504b4c16d5,850
0x02ead283625fb1016a8d50d3f94205f7f90dba20,850
0x02eb1a315972d427f890b81fe062aa7aae9bc6bb,1000
0x02eb1d753bea18fd83562467a321dcd88d9773f1,1000
0x02eb2ee0867dc3dfaa3862d0cc86984b6aada907,0
0x02ebc38f9ddaebc16f4a2f4e9c90cee0b9eac910,1000
0x02ebdd4d10b91e3018c0706a39a02c5fe1c893ef,1000
0x02eca8cc78b7d30c1ac5e16988ed2c8a9da658d6,900
0x02ed7efb3115fcbc0dd488a03eba6218857a2a75,900
0x02eda208efc7d92efeaf7418833c3081a42dd3a1,1000
0x02ee19a0a14b494ba9411c5bbba18931195fd51b,850
0x02ee663daf3bd6ab80be2e8b0f54abc8721b7d68,850
0x02ef87478ec4a04f0dacc721f254084ed3772600,850
0x02efac30f1619d817d6ffb28f54ed3647404235e,900
0x02efc83a645d9db930e3d4db3824f831faecd82b,850
0x02efeda00025e73209ea07c51a2277de0f71ed53,850
0x02f01b3f6166ba12150e4d1d8df5ccc9cb524f07,850
0x02f0e7c42da6ae4eea04c1df5f83f8178d33cc0b,1000
0x02f11fe7a88805f3afbe76f28d0ee7b090d4e99b,1000
0x02f176449675d72dbf1d33a1078e631743fe048e,850
0x02f17bf76592833beb2418f8246d433f7e4d6fed,850
0x02f202fe714eadef1a33dc3d85de9b367d77426a,850
0x02f21b7c148d5fc587a285d2f538f29c36176e52,850
0x02f277795b12cf2010b7e77298ce29370d392409,900
0x02f384dc0539ff16b820239004d25dae1e3adf96,850
0x02f494a93a9e172722849643ce2f070e92a7baea,850
0x02f4a8a87c4458ee03e65a539a13d52d2925335f,850
0x02f4e1f34fcfe2f52139f3e5920fcfad5a1a8b94,850
0x02f4f3130d02314a16dc81e040a2aa32c8a2b16a,900
0x02f5203e90d85ed83700e43dbe2b42d842b33d83,850
0x02f60da35d5759299b1c4e3b22c7152b318f5664,900
0x02f6129b12fbf83b4457c57050b51de97ce8276b,850
0x02f70f05c3a430d0da5e1a5bf45e8dddfaf8b0a8,850
0x02f7467aecaae0863706f954c7adfe47b5e5f538,975
0x02f84f7c168cfda125318a1405f747bcf7eacf44,850
0x02fa46ca85874d0e24d6fbfa776f3195240ec6d5,850
0x02fa9380115eeefccd18f91ff806d3d8e3725b32,1000
0x02faf4316dcb9330751f3677436aa849aa93851b,1000
0x02fafec4c577431e5229f01df088cb699a7cc691,850
0x02fbe024637327931e70262658854cfdebefec92,850
0x02fc557009ff92edbac5bc4c94a989b24008a21f,900
0x02fc75ad4ae6105dc1feec29f49e56347a859c65,1000
0x02fd763b2c3ccb4ed333ed780cfba62b9b65f675,850
0x02fdb206bba3e5a61d8c5730c79a21f3caa78276,850
0x02fe4d3a1b36a009941d1a136821ca368255bf76,850
0x02ffad0f8125e76bf4467d78139f1eb0b60f2b8c,850
0x02ffb9b4bbc29f9a59b20c541d369c5add62a5a3,975
0x0300f68f3c30e4655650d99c845a95e39875b75f,925
0x030138d2f5f2757daae2fbb8dfd18870ea908881,850
0x030163c3ecc06f0a41c11ee74e3ea2a6086ad3e4,850
0x0302147a27780e6b3ce7ec44db979b653d02c921,850
0x0302174ee723a5a094f78877caf6cc1ae1c90533,850
0x030252c314d52af695fdb0176942dec4566b6bb7,850
0x0302e30a5a3a471f99fde37bfa52d3be463461d9,850
0x0302f495deee51627014e73e3b5f937fbdfb2680,1000
0x030347c0ef50f625e3172ddeabb921067e85730c,1000
0x03038ac3f9bc2f1ba227a7e3b42fbd1f376efcf9,850
0x0303df66b608496531b49940f19db4c024791454,850
0x03051aba8bbf9fc5d38ac4554bfae1e84b9dd8ca,750
0x0305a736ce98f8768c5e927dfa15d0b04517a621,850
0x0305cc8c9cc1a0b1ff881cee4621873fe6f9f8e0,850
0x0305cf6d8af11679eee6aa68c528ed25f837aa4f,975
0x0306588e0deb5dfd0afc70ad227aaa8551deaf25,850
0x030745377d953913b2af2a64d961287ff800f7e0,1000
0x030888e8fe9f0cbe3ff04c0fda1c0954c6b68822,1000
0x0308e74c4971077380b748fd6bc0164a775386e3,850
0x03090a4006197538241dca9b635c9ad149d9097f,850
0x0309146e7b8baefa23f193632ef74602768af954,1000
0x030a031d24ff4fdf49d42328a9f75aaced335570,850
0x030a5e099482bab2259b3aa2afe176251a6280ef,850
0x030adc0b63a946d3c161f49c8f4d25a526b903b7,900
0x030b67dac665e0dae36951c5a69a639c7a8492e0,850
0x030cb7762dacad0e55e38eb6685d7923c68d7113,850
0x030ccddbf7666d9f7f3bf97a920986a8a309957e,850
0x030d0a4232b1ff4668858ae2c3d1ccffe08dc215,850
0x030d4aa68030591cfd14814f6505ba6f57802c96,850
0x030d9f55c7f7589034b829a87bf3bd84d6682a18,1000
0x030de328e6a4855412279780172507240c4c7175,850
0x030de3de170036c537b1f7bf6f983220464abe1c,700
0x030ded6654f0ff272eb93151ee98bdce379f266b,900
0x030e371d56829ea5777c07d970484d03920091f9,850
0x030e691d39e2dda9ffb32de5f49fdbf9f590ef00,850
0x030f8726b8dfc17b9d505a21e8f7a87815e33848,900
0x03105f295874820c5939e2f27602c9478b94969d,850
0x03116a2824b26d29e4f8f41555e674b679583402,850
0x0311ee008aaec2f8fede60d56207512b7f0d0802,850
0x031291aa04a24e90fa704ae1a51598944c55de4a,850
0x0312fa145990146d456380d66ea495a7d014fc86,850
0x03146c86fd6737a8ca454dd8dbccd43284e133d2,850
0x0314732f2aeb62651ce2f1712e51300aa6e1676e,850
0x03148673c88d563193fea07d9fb373234e67386a,850
0x03148e5d55d5a2382c644e78910d13cdb7218235,1000
0x0314d69c14328bed45a45f96a75400f733164e13,1000
0x03158305104b385e1a566fa7153dfb13da15f410,1000
0x0316187ad162d7c5be2f7112662e353c85b6384b,850
0x03161e579198971cff2dd1769da7758e34b6976c,1000
0x03169fa2a2113de2c90b4823cf8eb7541061d6f0,850
0x0317ecb39406e23837b8b1aad06bc43f10c1be08,1000
0x03180215daa2759cbc86f2e487b25cca2883566d,850
0x03188444e0ec5e63d99350baedd479ebcab82f63,975
0x0318b7bf3433dc91fdd0c749b88855f076efd5d5,900
0x0318ccfbfae5e2c06b2f533a35acecea13b9909f,925
0x0318dcf3b0bba28d13e67d6ce8f32eadad011512,850
0x0319f328205f66b18ef279c18efa3e3839c005f1,850
0x031bc036ec5106ea4f2ca5921d5370a21171a123,1000
0x031c0b7a301322382ec7ab6af873dd9732e3d6e1,850
0x031c0e3d66bdb6cad82b7f9efe20d00b55d785b3,850
0x031c7807637ecec27d158bd4156c954e682a2f54,1000
0x031c84828a86616270ce4b5b2b8b1d73cbe55b01,850
0x031cdab9bbf52b9000f023c3197fdaef8f6a4989,900
0x031d132adc8141130bd55be6583edded884497f4,900
0x031d2da6a39dfe83c314df7c2e7a74bfad01773b,850
0x031d7542ff2c60947b0959a87df1e9b3337d3667,850
0x031f2e22d9a20142ba0c809577e0003c9a3b1ec2,850
0x031f584479760bf6a0e6e3246cceadb6e4d66bc0,700
0x03205689ad8d8e3838e244f925cf888275ac01c6,975
0x032075ac7644068531c4b13595f092eb99920416,900
0x0320f12e5c7cb57029a9d4e1655e17f29866e478,850
0x032140da0856e068fc916fd5a369a33561419dd9,850
0x0323965dc531ecc76511a24dafca4a502533917b,1000
0x032401f44bba316be8161251c16c45e07ee0d203,850
0x03240c50823411981a719e3f59b12476d653e67f,850
0x032419aad03e8a7520b0650620e14310cefa5dfa,850
0x03244eaa7a5eeb5322527ce489aca1a5426b3755,850
0x03247269bad6aa35ef79ff7f674d714c64d26611,1000
0x0324c205a0a2b21d7591cef3e198e103990b1457,850
0x03251ae9065a02d50230e02b137265157e101c20,850
0x03253b687deaa44f5a9df0005a7163db65413e01,850
0x03270912905f63b1b2b99b9a520a86810aa07f89,850
0x0327344015c02e55ce6f13f90cc132da5d98cd52,850
0x0327d880665d0a65bc578a82e9d83f21b993756c,900
0x032829e7678891e08aab091f6127f07639bcb26d,850
0x0328938eda94f1ad9f62e71a56c4387835ceb62d,850
0x03289bb5b77a418cfbadec78a7c206b1eb6444c5,975
0x032936b50b7c50a2008bfbfc70567a5dfa00a7e6,850
0x032945f825c2c9ffb445a2de02513b811554df46,850
0x0329ca0125055eb93a8fbe5913e299ea99cb49f9,850
0x032a2386566db1e1558904e3ff9f8f90acdd98ed,850
0x032b2f80d52e2873094d820b7befc15c294c6e65,850
0x032bb3d64f289e35ec8642c9bf2bdad7d73529d0,850
0x032c00db90f28a81163b313cf1bc92247f2ed67e,850
0x032c4db5f7434fb9e0ea85ccbbff1fa2d7c9d8aa,850
0x032c56e52d2cd8be4256cba3c631931d1e3b07cb,1000
0x032ddfdf432eb4c97faf50a3d7fe1898e4e123a6,850
0x032f074dddcb996b0da95402800653a1c1c5bf37,1000
0x032f904c1f675add398dcb3733acf36b84b79c95,925
0x0330056b009539f120717f6ff4d823c3ce2cbf63,850
0x033026f0aa842c3323d02e5974c51d38c8056178,900
0x0330d6432c963f761eaa5a7567ea161027cc36d3,850
0x03310baf844bfe66aadd339c73f9229f35aa4c6d,900
0x033185ecc07fe116859d5fc721802d724b85c4e7,1000
0x03318cdf6bcc6ab97814029ed0324d101ed0c921,850
0x0331c1ce75f315a49849be77b6a37b1959ebb1eb,900
0x0332be92c16b30591296507a665a164c4966b425,850
0x0332d875f3fc0475474548dcf29f23591cb14d29,850
0x0333a10f65956afcbd633c517c2a6dd3ced00a40,1000
0x0333fbf46d16ea6d26c6a09503cc3c0c1e7c95c8,850
0x033466da370e828b957754b75a1370506d0de739,850
0x0334e081f088642f7628030bc6b28289495c5400,850
0x0334eca378b5c3ca56c8cbef990eec2e3a30a7cf,900
0x03352f97e46d751d978c0293f0e51d53b6959599,850
0x03356060622b057978f616a26ebb2967a73625ec,850
0x0335a3481a074ead996574587714af349a114013,1000
0x0335c709c9d9f938b2554b91974ef0812e16e890,850
0x0335f428955506d0c06d18b8fa5a8aabf7462e59,975
0x03365fa521cc5ece8b1f7ed1fb00bd4637b01781,850
0x03369f6db2e2e77a2ef92b6295d6989cd68b8491,850
0x0336bf727c155c2c4789d809d30c8c11f4d3ab49,850
0x0337cbd1a09ae0c4e7f802c0ce2cffe880ef49ba,1000
0x0337dcbc6f5f2c2ca665fdd487f7d8f23c305b08,1000
0x0338413ee756d4e561f073b1767e6bf5e18393e9,1000
0x03387d5015f88aea995e790f18ef7ff9dfa0943c,1000
0x0338e55ea1a26c84ffd70d7c79d8094ac36b6148,900
0x0339928b90de16e4fb37de38acbbbe9449ff756a,850
0x033a0f17fb49d292785f02b959227cf5cf50f21a,925
0x033a10f0fa3a846f441f7d7469a2352f910443ad,1000
0x033c88d3eb2ca45023942ae4488882d391a801fd,850
0x033c9f336f9b7f25cda00b97fe299d1b9a129908,900
0x033cd435e2bdf5227787d54d46c9231cf529acd6,850
0x033d66fac8634e3c34be50cf24f5016f31447077,850
0x033d74a910eaae2518f6b6d9c78af634a4833779,850
0x033dab06e494cedc8bf20717976a4af9d740c4d9,850
0x033dafd977e7c4fa8ccfd4775492e3ee5cbbd1c0,850
0x033dc008e1ab5d7004e8fabfd834f841a89c7e10,900
0x033dc48af6f744a1b5f039d2a3dc38ae5424db96,850
0x033df985bd88c096ceb0bae2545d35f18eecdfb4,1000
0x033e036bda697d7a7615dcd04cf7f1883904fc6c,850
0x033e1be8c2d5de9ff4e5a04618d6cd2db4e6f9ed,850
0x033e8cf361b0658925f4c3c2d9be754b86e327ef,850
0x033ea4c2e32eab510cb29d8c492dd4c1171cea50,1000
0x033f0b0c71753239adaea7f7394812b79f7176a0,850
0x033f35a020fbdaa7108bd8e509fd50a88a9915de,900
0x033ff82972978ddd56307e37805c516536e1dfae,850
0x033ffcf5d843a16da224f62b5cb1c4980310f796,1000
0x03402343d6192caec409b0570cf59905969adc2a,900
0x0340389d85c806f7f5f66d6cd2fd1f91d6f7dd10,850
0x03407689dca8b86e8dd3c867899f1fb168c21bb7,850
0x03408ddff230918d5235152f2caac102e3d48202,850
0x0340af84322e83ae445c375c10a6ac90989b85f6,1000
0x0340c0b1ef5d48083ac0afb00322b38b21f0d8db,1000
0x03413203ef38895fb2661a62046949893ae9fd6b,1000
0x0341ab2d783648be716fa78a48eedf13f151335e,975
0x034272d147bcf7a5d27937e80fed03aa3b60a6d1,850
0x0344e6dc73a4128d7a889509a13c3dd25b4b688a,850
0x0345e39554c2fe41f68b3516d1c94dae0ff0c458,850
0x0345fa5dc69c9ca90a441215e2fa8a0b36469286,900
0x03470c993d22b5405ed10a1e51afe1505be32ccd,850
0x03471b120914390f8a4fc104e601c32d89989399,850
0x03478c0564936f7a51138d28d1cdce99855c2b7f,650
0x03482e6aaf23d9367aea1e306ffba42bc7fbe9fd,1000
0x03485453f0b0511dd6bd4173ad05093b1e0313de,700
0x0348f1e1789f813762881fe3933635bc79c1c373,850
0x034961ef5fd3f25dbb91440ad3ce0a119e875847,900
0x034a30809a0ecc75ae8bd5bebdea60ca509713ae,850
0x034a4081df0c5a039d05113a7d0b334083a7b084,850
0x034aef79606d0888348cdc0d6c30cb2f989f106a,850
0x034aff341d97429136304f3021e8f27975de3da0,875
0x034b054426cd05f70ea0d98d35083ac73322b939,975
0x034b2fd624f4895fc932ed31ed63d8be06b82c08,900
0x034b5155a9a8a8513bc27a77e1036bc18f4cf5b6,850
0x034b5cff596058dc37d983a8491278148ce13d88,850
0x034b63d519579980d9b527c9908f90495c858d7d,850
0x034bab37dee3cb342aa38ea6ce819bb93ca99ee8,850
0x034c69160676cd0f0ee35719a93343ea066e31a4,1000
0x034d8677141fc9cfd7c16a401abf44aa94f9d293,850
0x034dbf59af51b3f322eb2bc30a25bc6d40f6e450,850
0x034f4243c5e44976913d3e607089d75bc976dde2,850
0x034f5434e14148a554c38f72118239d3b4078888,975
0x034fecdfce9b15a19ad60b1e9a3bf469aad59e64,850
0x035032655b5b3784d359b56eb82c803bd971c582,900
0x0350520a1e54dd49848db2ee24540713f2620c55,1000
0x03507501959de1df612099f3916f28d5b07bca4a,850
0x0350c69d7970e174d84ef0947048c2ee9f0c8adb,900
0x035110da0507fd99916c25eecfd1f1946a99741d,850
0x035192d0554d24a91970cdf8f10ca82cb48c8eb6,850
0x0351b0b81fdd1db5dad0617d97c598cd3c37baaf,800
0x0351c5599f6d7a0306c02e5c5b3b76f789b395a0,975
0x0351c94cae69947448969ca8b6fef20dfe14203b,1000
0x035254b8663a4e25c0a61fe7fe1c695fd2ad5f91,850
0x03526fc1075e3c4f3dceac665a7141606eb11ae9,850
0x0353e69aa5fecdc675ef74f4fd856588714edbdf,850
0x0354a4de7462a6987cb9390d5bd065c9b98d34cf,1000
0x035556926c0c52223142c174871df815ba6d770e,850
0x0355c584ff086058e20d4c1eb73ad2408c38cb04,850
0x0355e6d75261199fd78e1faba4e59bf6fe31dfe8,850
0x0356011c3a38e07fe2826f1d578fa3e1e52ec877,850
0x035648071a7ebb842fc55a01e44ce01ab8b844ed,1000
0x0356ece0b66df94ba8448075d0aa26453dd406cc,975
0x0356f20234bc49395be12b077d81d8565a1c1527,850
0x035719f46ff6a671a1101fca5d9fc9c7dce44d42,850
0x03572f17c8e8ac3d5e5f767bff74dca89f310225,850
0x0357647aa1d02d4e7503d23eb7370dbccdec7117,850
0x0357c980e66e6ef343a35715138b7670b0ae74c5,975
0x0357dc60f8e2d1972e5f2dd8f9bb32f2559e04e6,850
0x0357ee511a77d1981d2d79e076f9608be771c85b,1000
0x0358751229cd0f5f5bc0d4dd21b19139cb58944b,900
0x0358c2ab1c477f338776d96c01a0a53f9dba4d0f,1000
0x0358f827f0446f5e1248f5aae42ecae8b3dacb61,850
0x035a38a537384f981b611cc598f9f36cdc3542dc,1000
0x035a4b944b8b28565d3dc9e7ff80da78acf6cdbf,850
0x035a5b6b64fc4d37e32fd32361c026f77e68cc10,850
0x035a909c0fbc30a88d83d2fd9367a0962c012e5e,850
0x035abc4c74e4a03de41fc5cce6c13e10e6d569dc,1000
0x035b27ed461b13990c0b9ed0e01c08d0d44cd033,1000
0x035b32173c6beca69608dc1b5740bfec727c5d82,1000
0x035bc96201666333294c5a04395bb3618a2b6a11,975
0x035d5e9aef9c24c42764a90b1ef6207d22fda0e7,900
0x035da46acd8cf44725c6541d688260e2a8d5cc10,850
0x035daa8f8ad585b1059d5fe5476e2bf4237218de,1000
0x035e5f83ad0fd8e73f5c844ea66c7f63894511d1,850
0x035e72ef297547349d8ce3573ebb8e10dc639816,1000
0x035f0c9f6b5a3c07c158956b9eb91af830db9216,850
0x035f31a67d87cd368b1e7a5ccb15f9efe9191c29,850
0x035f4a089e99bb14fa010a6ce80e9640e1dd01fc,825
0x035f54740a2b26337ef50b85786c2e246dbbaba4,850
0x035f73f456eeb7bcc5a74a66ccdeb9243bdf45ad,850
0x035fc3b0ec2487c1c9def561f578ec77a06b1b12,875
0x03604e6625fec18f298ecf393cfd70b2d8bfc0bf,850
0x03607361b844e659f4e8846af200074e219513e2,900
0x0360b9acda197703cb3040715c75659c38f13cf7,850
0x0360dcea9bf79bb3fed1cf01a8e2dd8fecd85235,850
0x036161ee78969e00d3ea480f2139357fd77247ac,1000
0x0361af4fd68e69f7f55d6a920c4195f87ad81d15,850
0x03630da783ae465b0afb812f7bc6374d677b0829,1000
0x036328c52eccfc46d348e2a27da72ae48e00852d,850
0x036345b8465096ac474b07e08b6117d8134ef847,850
0x0363839d89014a84d63a029b6c5d540344453b64,850
0x0364fd4f4a4adb95ce6566c794f6244ca87943d7,900
0x0365ad837b20583a235b652cfce03987561c9948,900
0x036631a163767ec4b518ba3c234185811f7d9827,850
0x0366521285f902c5b10a6f1ace37a70d68e0e0bf,900
0x036658b4a676c8458b34bbdfc7a8f1a092b44081,850
0x0366a61a1d2a15da442d08bc822b2c8a93b4393e,850
0x036808e8efef543ac49c40a2b6d98f8f36798a91,850
0x0368ca98437266a286e33042e6990dcde1450db3,850
0x03692b33a187d69661b0f5b1cd0244702c340fe5,850
0x036955e921822b666da7fb487370f7cbb115906e,850
0x03695ecfee68b3d537711d04d11de6a8f1329f6a,850
0x036962a84f8e3423918082c672d9ab18752c30c2,850
0x0369a18568f22c77ec0780cb9b79402e64fe8b89,900
0x036a310b351f1d24dc5891a9f7ddc1e42ced51fd,900
0x036a6ba1fcad423064d09806479b5ffbf5f22fbe,850
0x036ac8829034821015a1181efb8f8e4357af3df6,850
0x036baa2d91ee84b680177acbc391d554170f1ab6,850
0x036bbffd6f8d19a6af2121bd690ed041e90fa2e5,850
0x036c3168619e6264ddd3523b978fddc2c84bc7d6,850
0x036cd2526fde6ea08e0e268309dd2a3af3b95d10,850
0x036cedec201095f375e6d1aff69b74a2d9b7d0c8,850
0x036da3aa7d31181bf0fb4f0bc128b04a7bdcc08d,1000
0x036dbbd11bf2958377e459cb75fec9bb9944785a,900
0x036dce7f98c0a17da43db21d522969ea009fd301,850
0x036e1218a711ea2186f6413b16e373c1c1ff1a5a,850
0x036e88f0cf7abd5ab1ef2f13853d50cf2263397f,850
0x036ea8e17701bbb41fd0b9bfb36bce98d0baefda,900
0x036fcf32222c17667b562b427acb2bcd737a0db9,1000
0x037036f81ead07dc3f749e53c24d65d90247eb1d,850
0x03707609abc5d0c9ffcd26ba6dbe083a3a833857,850
0x03708dfece91d4abf97deef2e77d9747ab5c9ba1,850
0x03709bd13f446ef4408347011cf3c0b457d848fa,850
0x0371229099726879e47c045aca027e0a27d3c5d1,900
0x0371aa0fd3c1791c05b6d73896a7d2e84e4ee646,850
0x0371ab664ae72f3b5d408de53a9f05f3279fea3d,850
0x03725920246c11418ebdd11ffbb1661467616f81,850
0x03725af1b7357c622c2a91a28df41d8217941180,850
0x03733ca219c6418adba6f120daca918eb3f67738,850
0x037343879ca2c1d0078038549ee042046f32243f,650
0x03740d9e1c042fc41e995e59da9ca953d3d68fd9,900
0x03750b3599a04179ea939217a8fc0be522bbe0d8,850
0x037582877a10e01ed2d34b2587b385b0bb44d675,850
0x0375c3cdacf59035471566ff3e775b5f10d57ea1,900
0x0375dafe356324fa45e5993855508b6204279d9e,850
0x03761263846e6a598e667e6a573ed86fabff8953,1000
0x03781270005438697bdd9296f9d96a209f8af93b,850
0x037949068f0cff6d57d7253398e60577ccd86dd3,1000
0x03796fa1bf321bf02cb48969723afe7e0cdb5e55,1000
0x0379eec40a19d1a6c23bf323128bea4188985014,850
0x037a0f059374030dca53c918177a9d4f11c75347,850
0x037a28da412268621439c31fd0d54dbb511d47b4,1000
0x037a3079e857e383454fefbea892fde12a2e83fd,850
0x037a43f01b3c2a2acd60510c1b893e94cb64333d,1000
0x037a9d27797eeb292588aab2861c95242a6ed0e3,850
0x037b22bd2ed3df1e5bb8fbf7faa2feac9dda22b0,850
0x037b392129f7ad2fac6787fefb35779df131856b,850
0x037b9e14191238dbfc4e670497b1d4ebf51373ea,850
0x037bc5471ff04bff3170a1364d2201259c02b127,900
0x037bef2da33513cfb998e36894d073773d3285f8,975
0x037bf6a1e7b137f824f46313317e033ffeceb613,1000
0x037ca92482ddaae946133ea49e3578ac75bcbef1,850
0x037cdd64f9b2e00fc6b7a1aa3e6152aff8718540,850
0x037d9c5bcc88932c6dfdde923043f1fa065a1c69,900
0x037dfd569defbc08ae28001159b4c49f6d006cff,850
0x037e2847c769d20564502183f524f88baa06b389,850
0x037e2fd9f7f79e38cd027e6ad4212d2d697eae60,975
0x037e908997841df68afb48eb1c9a6e441310abf5,1000
0x037ef353b228e621872f569be0b0f876e6b78dd6,850
0x037f910b25fe4a3f08da116f9fe026aec93b74e0,850
0x037fd387317f2b6c50d43ea6c36de384ea9b2cf5,850
0x03807e5ca6505683c96cc30bc71c018b4b0f3f38,900
0x0380af22b08d62fba32da15e68a94e71ba8b8f3a,850
0x0381d12b94af184aedfc27d326624b70c65fc7b4,850
0x03827daa642b7e409e4d08fb34836c22d0a3556b,600
0x03842b4c71c18188191cad1cb9a8dab32d2eab7e,900
0x03845ccfb1173f4810dab66664ce61564fd91ad1,850
0x03846bf20ade32e9b95d925fe47bd2279c5a88b7,900
0x0384f296396564cdd310bb398e1dc8a98fb3b137,1000
0x03851f30cc29d86ee87a492f037b16642838a357,900
0x03858ae8ecadc39ce9a3ab3fc6769dd8fece2d0f,850
0x0385d3a3ca20ddd25bfb20742fdcfc3ddbfb0c59,850
0x03867a6c590972095f2c82dedede42a62f46952a,900
0x03873505d18421366d0fa6f27f49694d80dc1fbd,850
0x0387de98476d2ca45d092ee0cf7af798be4660a1,850
0x03886228bb749eeba43426d2d6b70eba472f4876,900
0x0388efdfbd5f519f6c63319b5710d5231dd64868,900
0x03894d4ac41dd6c4c2f524ed4417c90fa46972c6,900
0x038a122489ebd2bf9968e02d1203258b49e4832e,650
0x038ac1795d2c99b312e981e2992bfc45d0b3c73e,850
0x038b15767ebe38fc2002b8c597ec9054021dcf7c,975
0x038b7e904b21cf2be68d10dec84eb0e118333e3e,850
0x038c266d54f2a143b8604343bcaf28caba4e8939,975
0x038ca2dcaf884d02dd1deae89bf23a7831fb1179,1000
0x038db6c62d0f072616e2b8db7d3d7cfc829f7f65,1000
0x038e8cdb75c6677cfed6854e8b315066f9a909f0,1000
0x038f1867a56cad72bce4c0a462a3fd4e4a4b3dd1,1000
0x038f3ac9acc74b7918d9903d4429d36e57fb1fdb,850
0x038f41dd54f67016088bfceb81841cc1c51a159f,850
0x038fbb17eff0c348725c45e1109ef29041250d1d,850
0x0390969e6ddcc17e2ca8813d9f38e276b76c5113,1000
0x0390e1bdeefce3d6245ede5de9b3ce7b05be9a06,850
0x03917b0fc420092b18dcb24e719f44600211eb45,1000
0x03922322741e50ee5a589aedc9fc7ed74a3e1e32,1000
0x03925f072fd69b9427b3be238a41d70a946811d9,850
0x0392af17b9462b1e41d68c4c59bdf9a8289a52d9,850
0x0392c0d81934b52f64aa50c2cfbbcf28cd6141b2,850
0x0392ea959f551f01d432e1fa26110ef69d55e4c1,975
0x03933112dd553026128ee4b55831764c39aa1ad8,900
0x03936ba0a4fe117eb026e65b89661438017a07a3,850
0x03936fad73cfd65a108318d917a7d00af8f2b16d,850
0x0393931783b1d0ead3b8b0e0f44c1f23ec3c4af5,850
0x03939fefccb572f0279e788a71f5ad34a82a4379,850
0x0395183e0c76a1138913ce3df272ffc747f37237,850
0x03951f5c12a3b8c7fa09e115024d376077b17720,850
0x0396147f0b821aa0d2581f8e2dad0c9956255028,850
0x039630fa4ad7f73738b1541dadf3bad89ffed668,850
0x0396b92e454cc2a7076fed1722393c1c4dbb14ea,850
0x03972ff1fbbc42f532dbfc16e0bfbeec5cb9007d,1000
0x039803254c85a3cffca6c0f0822e09a306bbda2e,850
0x0398b107763c8e7fae5183241d383440ea3623da,650
0x0399d85e70a77d0103e2f82efe37c3f3eb7d51cc,850
0x039a21771e9abbd63a8fdb42e60de6b558c1baae,850
0x039a285369490aa7bf4579207c547caf5fbdfb72,850
0x039a33aca90ecfc1b97f88de30264ebd84cc7c22,900
0x039a5ebc14114eb0ab9d7bf209049f0f904f78c9,850
0x039b0cac8f2257a805ae79431fc6daf67bd235fa,1000
0x039b10e499e6b8e711cafc07123654a5b55852d2,850
0x039b27c7e5771ee0108c87b4162999bea4dd1831,900
0x039bb7b830769fe8130ce5a40142fcd49a1452f3,850
0x039c19df683512cc6255bd549fed1de7d1804ba9,850
0x039c361579aef4e8df5f7bfe0950dd06af0b1276,850
0x039c5a62e2d28cc85729666dcacb98c1ae21e343,850
0x039c7320956110b7e9e350d382a354d6ace8d2c0,850
0x039cab749f176fd208e1367b266ab766308e80f8,850
0x039cd2b882895757eb015f1447f68a5a5ff0737c,850
0x039e2604295ba89a83588107391aed3cce36b97f,900
0x039e2eeff82ec296c669f4aae063418afa8bcf02,850
0x039e8cb6cf84518696939ea80ff8e021b871fde9,900
0x039ec0b36450e9b2c5f59a3a6fe991469ac744f2,850
0x039eda3933ce405c2ff54a93a7afa07c08030164,900
0x039f620be875aa9c3d70fe9cf27a7c9192a8001c,1000
0x03a0c2a422c4257440ec79aa0c96c472942082eb,850
0x03a151746661bea0942281ec949de76eb6b4f6f2,1000
0x03a27a0bd8c8451480e04535690cf131423836e3,900
0x03a3cc4148619b60dda51612a4483ffe43435f34,850
0x03a3d0eb17509dc9fb2a892ac1eab68419deb19b,1000
0x03a493d043b71da48fd882161dae488abe112432,1000
0x03a4c3ec5f926cf6490d57ed7fd496d21004c63e,850
0x03a4e9e2c6cb51a8bbc82cffd76da057855cbe77,850
0x03a57e2f5e6e840a8a15a7650a89069a5427a95b,900
0x03a5b7317c1fde03fa6ba0315ccd86fb8c6111f5,850
0x03a5bdbd5a37ee782e9203811d227342c3fcfb73,850
0x03a673e4a53120a0f6f57e49b202f38553917136,850
0x03a6e432e9a96e1141397ce2baf975c5ef333e5a,850
0x03a7628bb57509b55dbb38d35cffa94b68e2f132,850
0x03a81442b06c71f0b5850286dc36f99c6f449892,850
0x03a82ee7997c87e7c6bd227fd3af77a3f175fb91,850
0x03a8e1fc6077c4aec6b67e677f579708fd1d79bc,850
0x03a931c01eb8cf98dccdeecfb7c601c7a701e138,850
0x03aa372d3aed6587c493702899950009f895c76e,850
0x03aaab0b6729ec7ff3d23d34ae2249c4f0e7c9eb,800
0x03aad34b8d729c000e980d676b5012ce024e6ba4,850
0x03ab5739cf27680d40bdfa8778a63a9239badc40,850
0x03abccd9e326b65aa739fbc222a88783dfd01a8b,850
0x03abec9490d905b2e93c469e7f7409b085bfff8a,850
0x03ae6e3226c9fe470b638eaa1301965c613b8b6b,900
0x03aece912e043486c58feb7ee838bc643800a066,850
0x03af198dc04505a7210ae1e87d6d1d930f7a748b,1000
0x03af63559532b015e76b2e70f6940304be09784f,1000
0x03afb65a1a79e2009632369e39662d985335c00e,850
0x03afea88bde96d8970727d0ebfd30f6ba1e8cdb4,850
0x03b09526217743c5b360a084ff4c53a252fa770f,850
0x03b16ab6e23bdbeeab719d8e4c49d63674876253,1000
0x03b22fab64e1cc7c11bc828c5f093bd7d70c4348,850
0x03b28bcd71d8dfbb71bf0d02bfca1e8bf49801b1,850
0x03b308b0091c8d1fec5406cff741352a2e66ae28,800
0x03b45818b8a756efa4d2824fe19967c3d4c5b174,850
0x03b50207f389830139feca7fd0c340c1acb87cae,850
0x03b5a8ea2afbc9930f089836fdcd4863b4dd2b92,1000
0x03b65bec52fc0458956e509c72088384c76e0c97,850
0x03b71fecdeb2185c5fdf464a836334291f552fbb,1000
0x03b79d2f2b47661e29b11605b55e34e7ac5f011d,1000
0x03b90ee77fc31114c5b5cbd363059db6066cca7d,900
0x03ba32ace3739ccecb9bfa494138b07bab1c0306,850
0x03ba6269d28f72ddb9aee4d81392cafa63eb54b2,850
0x03baaf9745e06fa191a150be5688501cd210a274,1000
0x03baafc76f5bfff4b7e0ee99801621bcf98b48fc,850
0x03bb14808209bb0ee48687db7ca6591c76e37ffd,850
0x03bba88fca87ddd3ddcc4ee0efec1e046dd41a98,850
0x03bc4c7bb35b0d8209c157b761da5beeb576cf2a,800
0x03bcc3e7b883f353380babdb76bd914630954a09,975
0x03bcf88508b36ed7890230eacb0dd520ffa6e04b,850
0x03bd0c6e69bfd5edc3739a7003a9d28c58e57f80,975
0x03bd66e09647f5fc607fd45059bee1c42f8bf9e8,1000
0x03bd77990f28a2393792fa111e553f4665121c88,850
0x03bdad6e6eaf145eaa26265e3e85c0dd26f4603e,850
0x03be19182f725713377e75e52f6b873fda5c810e,850
0x03bf7fd823908e56c8785e4c7ebfc46fc6a6e41b,900
0x03c04b194242507de3d845887c6c36bdcf3121df,900
0x03c11dbb42b450d87352c76e034f2dcaaa65c039,850
0x03c1f86a157ef2f7baaa6fa37351833d7833c4e9,850
0x03c2bfd2509de9b13d0124015077e100a292336d,850
0x03c383f45deeb131f370304336603fda77eb9620,1000
0x03c3960a62a174de58fd3e14eeaba401e672019e,850
0x03c39bef89e5efd1db481b957f31fc3c86e7a361,850
0x03c47aaa883fd00096eca1f3c9e2bf470d772749,850
0x03c48ba8fcd46b9b4419cd57063978769efb8de8,850
0x03c4a4c6878eb4b4284d945f46a7b35f0aac2cb2,850
0x03c559e75e6f0340dd23559fb19758584a3774a0,1000
0x03c5c835b457a754d82a5aa92f684743edc9b4df,850
0x03c65122e67c382ac316312ec5ffc1efdd1df219,1000
0x03c668a2535eda70883f763786b3d7b4468b2f94,850
0x03c8292158075a6138358d82d4cdea20aeac3a69,850
0x03c855665161246a40a02869c7879f8d99683bf5,850
0x03c860ca0b89eb6669102657b218372e4fc0e460,850
0x03c96842b6bc662b7ae40d619a77c9122643daac,850
0x03c9968a489fb4cb22b4ad00b4033710f258dcea,850
0x03ca081447f5bf2994cd1ad08fc63d9ef02578b8,850
0x03ca33e1e242e18658e5071e758d87edfb19018c,850
0x03caaa7a6e8053ca69981975c38c5273e3fc0ebd,850
0x03cad3d3c97118cc6854b7cf2ff90b23d0046989,850
0x03cb6ca80bf0c60407a3c55a4c6abb8611214226,850
0x03cb9cf3a13e90c03f8009c5eddc28464c9db623,850
0x03cdaf6b506c8477881ecc9fd71fb4d5cd1ba852,850
0x03cddb901b84f7e4d49350fedf0b764ab6fcfe73,850
0x03ce47abe931e23bf221eb5453c1e03a4f60d949,975
0x03ce7a47e2cd8a444db1213421146e31b4a3b646,850
0x03cf6b13394978c0bd6f9ff7b1909aed5757bb0a,850
0x03d09b36307c9813266d5ff7a87d0c19ba7060dd,850
0x03d0aea80f01212181388158dabd6fa2e0a5fc68,850
0x03d11a35efea67f3b98dcb9d3ddad6b15cdb43f6,600
0x03d225884a6f01eb076ebb6a1081e1bfced8cb7d,1000
0x03d40203c75409cbcfc25165378ae937c82d47e5,850
0x03d541062bdcbb8475804cff4cebf10ab3cfce9a,850
0x03d59b1566576e7b64e7c43fcc3fff5ecd4c1b43,1000
0x03d6421aa63fa0f28292a577e4bf399e3029b7db,850
0x03d73605dac2453b0639945fe8c813b58517156b,850
0x03d78f90e254f783e6e9fdc9191cfc648f3f3464,850
0x03d813abfba88e76407d09ef92e05f164ac1a985,1000
0x03d84a077028f62e185c07ef4e881ec785e33d3f,850
0x03da374dfb5653720cb928feb440bf8503c12944,850
0x03da802c42126ad4348eb2c386f0a4653293fbf6,850
0x03dac56ab6aedc2dd65a87abb0e387f4cce8d7f0,850
0x03dbe29551a5ffd8c8eadb1951e0f60d44ee45fa,850
0x03dca0e82c9fd8876245ee54997dd4af73849fd2,900
0x03dda9a1e37e1be2585dfa97167ffe9e8078c836,850
0x03dde38028cc5a59b8d85930ff8f5fabbd6e2dbe,925
0x03de28456f987281df43137f0a281152be77aae4,850
0x03dea457e4fde7b1a60c378f8fc033b3022a3776,850
0x03df1d103b69ddfc068913a7c554ed04cd6e0529,850
0x03df1de3f2b9c9113a431eabc78264a01a2c2d50,1000
0x03df75063e6b738f4e7e436eabb396d90189d07a,850
0x03dfcc1e559574c4e58bf1c9f8e785e4093c7fad,850
0x03e03279f11cfca9f44bcfdb41d767af0e71a1a6,850
0x03e0419a8903edd0d07def92bb70a67b85ac9e07,850
0x03e087630a227e4dfc5ac321d40098c7c12235de,850
0x03e08a0f18c2b5edb385f4dfe2f5a2b525bc0878,1000
0x03e0f0bfcb1f5efaf9271e8270ead66139e27906,850
0x03e236ad091a944b04e0311d329161c2a15d6012,850
0x03e2c5ba88b9eb75a6f698864eebdee83f94b870,850
0x03e2c61111ce494af41e66432fa5e55f1e767ff6,850
0x03e33fc1d842a745c18313d5bb6023ab34001ab1,850
0x03e494ce05a440729ab5fef38d46a84406e54501,1000
0x03e4c2f13d937db549d35f606fc74a1034de362b,1000
0x03e63aa6633060b6a2b9501133e44ce9c3411af7,850
0x03e6600a4e769da460ae567b936431590580b6d6,850
0x03e74a2771684a6efd616804ef186ab2f4db85c9,850
0x03e88cec58a29c52e27f0751bf47e52202c0a1e4,900
0x03e94fea140cdef59f28a97e8a465cc2457c045f,700
0x03e9775b691771c87eb92b00e4ef30a54b23ff4d,850
0x03e9a17304a1c1fe229965616b7dddcd96579a29,900
0x03ea93102dbd5cecf952b6715d591bf58b6a657b,850
0x03eaa0e51a8017252367fefa7b1d28bdfde41b30,850
0x03eb284b79b93e3e6813ea28c210d3a08a9eaff2,1000
0x03eb2f2d7eeab4b9cbb59bd58cedbe2d30948562,925
0x03ec48dd1ed16b6b413da809d917a2abfb039f19,850
0x03ec904145016da8c1eeeb95d816b39bc89b7882,850
0x03ecd5763053a58a82827a9b0bb2f5199e82fee8,900
0x03ed2737bdcd5fff30c7a6d6ccdfb22f927aa3b6,850
0x03ed358b4ea92c6ff41ebf5f0f8f22847b993d2f,1000
0x03ed48f46e34f439a295c91e5b84b76b460503f1,850
0x03ed59ea7ee4270b74391777188e4800ec757f4f,850
0x03ed605452a6ac3a4bcf34d752a9965fa0f1f726,900
0x03ed8fc96cb7e825665b11c253370e16ebd04aa6,850
0x03ee8da73fb9ac917e03348e5a498699e4a846eb,900
0x03ef433cfeb13c0ed1242557fbdbd716478fddc4,1000
0x03f03037ea887b1adb81512920b126e2becb970c,850
0x03f051a717418abd22fb4a086f2b600ae20c4f37,850
0x03f16156ae491cd53474aa12d8c4d0a3ef906839,850
0x03f2b3ff6c8dd252556a0e15b60f9d1618dddf3b,850
0x03f2c10fa31be77d666ee1e326e3a1178c425974,1000
0x03f44e563dd447449f48f8103b5df70aff7cf577,900
0x03f48fd514cf27adcfe88de81b8efab7b6a5a354,850
0x03f4ac46922f745a7088e92df0a9b37f299e5614,1000
0x03f5168a0395d5314e352199e4ef81e6efbcc6f8,850
0x03f59fa8a044288a6c3a2ec169ca9bcdf2900bb8,850
0x03f5c2747f164d5ff2e52161190b077c7219070a,1000
0x03f8420b1754b086ed30543f071fbd8282c5fa84,1000
0x03f8d481becf0463bf1f201fecf4095503730267,850
0x03f90f638fc2c73e43008e66e11e554a8de746ae,800
0x03f93793e6f54a78d3839febd2c80e2ac48f56f7,850
0x03f938f62fbe032d3197b4f74fa4c228de73088c,900
0x03f9bb84628bd284686819a5ba7ab5c0193145e6,850
0x03fab311c59c739cb4fcceb55eb30c3f92c76e67,900
0x03fb85f237f9e6c5f5a79a61cb86d960494bc096,850
0x03fbf19bd2fa6b98ceb9108f5a15159d557f1acb,850
0x03fd7415fdeac10d734542a755a7d7ac1c488ddf,850
0x03fde9f49e46f4b0518a26bfc8bd29569dbc40c2,800
0x03fe5965c7d96414e4b3d09642994c29552711b2,975
0x03fe5a59e119f650bac91327ef5da1a4245e1adb,850
0x03fe76bddaabd0288b14fb9b9929922ad7159ee7,900
0x03fe94c26b4cb0f29d95e1f6c369e7a8b23ef93c,850
0x03fea6d1200151733eff25c94d9a9427b61736a6,850
0x03fef33df5b760df1bb3d4d5aedf69402b48cdc5,1000
0x03ffb5f525be3ca2431cb97415c509566bc42b8a,850
0x0400083c67fd63db5f1ae087efd9583430b663cf,900
0x040020bead45659c621ee4c6e8a8f326ca469693,1000
0x04002cbd1cc19cb7cb1f819fc7ef410b59f8a22d,850
0x04007f94d19462042fd84e93fcec9a5b05cf5db6,750
0x04008507db2ab8b2bf5410905d4b146ea8009c2f,850
0x0400fa459b58b8c1d14e091548d6f2134b12149e,850
0x04017f70e7299e9cbe9355780b0f7a261eccb163,850
0x0401ffb0487392af87f970add6a86cc6ae8bb2c4,850
0x0402f615b6aa30ece82c93396db6432d4974b1fb,1000
0x0402f94bc9a7e2ef2cb01be155ea111c7070607e,850
0x04051690556ba5b2362266e000baec4af64aab39,850
0x0405c2898a3dee1ef160f0b5f97b0e1475f2024e,900
0x0405e13dc7a586cc2c371f531e90ae50cf49beec,975
0x0405ebbc9e52146fb123626c508b621975dd6645,850
0x04063f483786be70695cccd10ae7ef4c7f6224e3,900
0x0407836c37a664c39a5d664ad320f3835866599b,850
0x040819d924238c97c81013bdf75ec99bbfd1498b,850
0x040887454f6f08dc089d8c5671df51da5057a4bd,875
0x0408c8e4e0d9c052840655dbe768c743d4bd1f2b,1000
0x0409b96fbf7988e5d186a350c018acc48cbf59b2,850
0x0409ba23f21c66fe37f3e4ed3db81417f0185ba9,850
0x040b97d0bb1de0b75b3a55b7307288df69817cd2,850
0x040be472268e720f945eb95a0e71445a0f07aa3f,850
0x040c1749900642febd1cec7955633923ac1d8666,975
0x040c2b92511c6de1be3e47d67038c2a49ea6fef2,850
0x040c67d6c0f2e7035e4b39d2ffbcce1741b697ae,850
0x040c90a431d22d89b40cf822d9e49726192e96aa,850
0x040cc4bff13c6baecc8f49d56b10012e2715fb0c,1000
0x040cfafb31e58ae30572b2ac101bb08db102d100,850
0x040d6031a5e6526bdbe579b8e3083bb6ff596920,850
0x040da40b0e3b28a2c289e3891e193a52982cddc0,900
0x040df4fd17862caf41045d1c7e7ca420322617d4,975
0x040e07a1623f39d6161be7337a8810328e79b97a,975
0x040e103f9f502881ffddc3594dae2687714cb602,850
0x040fa9bbed1f3cbae34ec655f9c49e25532cab72,850
0x041006fc4216131cf29155827687a853583b7175,850
0x041065dc6b855ba2a436c564ab0c9fa62a9803b7,850
0x0410969668905820f97a193a62400692b7f792cb,850
0x041126e47a90d0c19919a140e9c421076a762f77,850
0x041143d6d24b8284ec22182f23b7f46b291993bd,850
0x0411731be3b7cba409ede437472b75004353d81a,850
0x0411c92f02c35dcf4ce18dd23b314e0fb5e5119f,850
0x0411e650dff0c6680c9e147f2413e0480718aa27,850
0x041272acd1e47bf948be68d37be37a95c698c75d,850
0x04134352a8ec8229ecf1dc81edee8ede5d8b5270,850
0x0413813b47562aadb9228778eaaa78f0c5f3e584,850
0x0413d2c3e315749b7f3277fce702e1b4c7bca05a,850
0x0413d439285764e6469c06af90a2dcdc68a0ffca,850
0x04141280b93967bd4bca7f18de60bb1305609526,850
0x041461ca50137f4c93e312883eb9d6aa39fad454,850
0x04154fcfbb3dad4e2f3096e5b8952cd601e53c02,850
0x041596ce81fc702436a302f4963181ec2ab3b7dc,850
0x0415a37766ef8a945c1a38dd839c8b1f4feaecaa,900
0x04164fbde8054cfa924a7ac4c7c4bbc33e605703,850
0x0416889106cb47a1cc0c3cc37d064f2d2af8d124,850
0x0416aa2837f812cbd6432c4b4b024bccba7a15b7,850
0x0416c2fe328fff0fd6039554c75c3d3fb2db94c4,925
0x0417b1639b07f21535494bef99e086c785675d5f,850
0x0417beec20510b679ec207a0ee12720ee924b772,850
0x04181dfff000bfc513a53fec55cba4e71b855b1d,850
0x0418936e04d12847b8ff2a732c382fc8fb78e7d0,1000
0x0419395ef65947b74ad9ccd1a9753251e72e411b,850
0x0419817d801bdd1e8ca7d197466b221de7f562a1,850
0x041984e127a4cfee89a7e4e82464de4b7eb3d2a8,850
0x041a89f3b7ad2eecbfd280a4ec567ed88bd67f49,1000
0x041ae646d4c7bf8901808f1587464e0809567c77,850
0x041b26d91b8522a00d1c2a484c397a612c82fc3a,900
0x041c1da51f0116d6cf81139aaa52ac0c119ae8f5,850
0x041c2b12b643aff71468172aff2c409624d95921,875
0x041ce53ec91c31abe748169be86f4268de4c7bea,900
0x041d2d8af79a4cb0eacb2178c3981737d54b09df,850
0x041df04f972ae342ebf9d9723f7c497f4adbd798,900
0x041e5962fc32eba702eaac10ff12c09ed2e1df07,850
0x041f06e78104289331f5ea6633525c892612ceab,850
0x041fa6a56cc203b210dbad9ee45dc08c1f88aba3,850
0x042011bb6babb6998d2f97c2e07a50e9394d2f4e,850
0x04201b338004ce6ff88d230706f4ed567a3e0b39,850
0x0421267a711db1c6b8f9fa72f3dda8d4df1f6bad,1000
0x0421f931c8d9c4a2fedf29771cf9d9102dfb3857,850
0x0421fa1f9f228934332cc11de6f66497f43fb734,1000
0x0423422bf2e02ac5c5bff7bb34463b9dc372946c,850
0x0423d92d98a4b1696b9329e5a39daf0772040497,850
0x04243edabb0bea3ed3ab4ffb424fe76f05899cbc,925
0x04248766ec3274d8f58afe1fae37be19999536aa,850
0x0424e3bfffc7d7cd2cc06265c49497c695ae8175,850
0x0425cc2a2750fa8042700973e776774a6f639e96,1000
0x04261f3a4f4e244b80ed7e3d8b7ff28abd6c4dc9,975
0x0426266cf573388100183343b6e26b8bf5e4fdbb,900
0x0426dcf6a95b311d626cf5ed3b0bef3de791a160,850
0x0428305a45309c9f296a6cce4bc9550af727a324,1000
0x04288d0b8bc6298a7cc26f367f42932d71c79d9a,0
0x0428be07db700e3b25addff63567584a3b15fdcc,850
0x04295ab7186c2cffba238bb7291b3984e0d181bd,850
0x0429e9a1931ae77fe39b6c17d7660382c85d28f2,850
0x042a135bd342910ad7f67bbda74e3fd4125d1272,900
0x042a154ede61e25b4220cbc83e76c79f8c0d3926,1000
0x042a1ccde458f357618d8687b4fb99fa10775599,1000
0x042a2831f11d0366090da32bfcf16befe6473947,850
0x042a62b83529ba7bdbfd79c96804f9a36ae04c4c,800
0x042b12e77388ca4f9c773b49efe98115b9c5839e,850
0x042b2a2eb841b7166504fdb1617244724176eb91,850
0x042b66aa933ef8b395ac2e77498bc61215146a02,850
0x042b79eced8518e0357d790d4363ebb6fbfb1eb2,900
0x042ca8981305042407c7d27bafc373c005b8790e,850
0x042cec428c52f9ef51b34d9576a2790d83ed1d0d,900
0x042d60e7dc84756d93faa21a30aa8deff13fbae9,850
0x042d9ebf0e126b29824fffeb4fc4ba5393ce1975,850
0x042e091145d2e0f6273bb1e4a88f1f194dd97071,850
0x042e43e600a23d5fd706abb79b823e3da629fe5f,850
0x042e90603954c56a8438dedaf9efb70db4cd44cf,850
0x043010c2d1e2a00abce741e5b2c5db778088380a,850
0x0430605323465e26dc21fbaaa9a1a4be6ae9d496,900
0x0430b536135751ba80f45550007be68c6fe3db92,850
0x043110e9869de4eeea4b911c030cdccadc743025,850
0x04314576237b5ac44eeda1f6c66b1d171782bdc2,850
0x04323ff183af0dabfbd51ab6a4fbf8cb7842ede2,850
0x0432f117921e840beeba036ce8e501578e12b711,850
0x0433fa8caf0419698f7e06ce99a917bfdf24274a,850
0x0434ec40799b578a132919fe319d18aae6415c27,900
0x04359cc145a3f8b1865959d4e904c8b4c15fb29a,850
0x04371e418fcc889954ab64a59235eadeb033eee3,850
0x043796319db3b8601013477f9473064f22df527c,900
0x04379cffc95575cff92a5884863a26600c0f3ddb,400
0x0437e05b9fce3041a050ceafdea0b7b88af05cd9,850
0x0437e5aaa2dbdf6fda5802e7fdeb52d888d1eb4a,850
0x04381813e17b6198435cdb83712d11d0eabd3217,1000
0x04386ac720b8204c01bd23497f4a63e2b209259a,850
0x043a2e8b8f91d44821d8ebb0e29e83ba3b597d63,850
0x043a7a9f331b701828842bac0ee760ea984cf1fd,850
0x043abfff63616d247b9247765b89f6c5b5fd94eb,850
0x043b2116f729e188668810d8ae0f86eb1152ae4f,900
0x043b2c863b8dab9f264ceee9d8d2cb8b9f7c66e1,700
0x043b3756dd9fe0dbd1bb5d4765fd1686dedf806a,850
0x043bd112d6db10daa0f15a255697d0b88e3daf43,850
0x043bd8f57401e46a5da19545ffb50370202cc179,850
0x043be978300c684c8f691e086414155d5f9d6f2e,1000
0x043be9f76411e021f3aca8b45db64b0c36075a0d,975
0x043c3bc6cb627217996f6fd26a87f4617e553a9d,850
0x043cd50151186c39813dc404529112be03503a80,850
0x043e470cbaa1d9738b673ef66ea20d19da8a7f51,850
0x043e9f48de29b4475b3088a69c6ae456cc8d94c1,850
0x043ea03b7942df22cea8227ed359eeb040acfaaa,850
0x043fdabff38a1e9897f2f5a860b8b88f9a0a9f24,975
0x044009974d4a8ce81dd4b46a5ca98a772ed185a6,850
0x044015adf61f596f820872845313e2efbbaee4b9,850
0x04426a58fdd02eb166b7c1a84ef390c4987ae1e0,0
0x0443d542c2a4eda89af20a9d7315596f8240e48a,850
0x04448987b1f40dfd2ca70eeeb323ba710c5768f6,900
0x04469b770821cec9cc3a1e8dc92e4635faf9bca6,1000
0x04487b8a3e6aff2f2ff62c718de9198d51af7680,850
0x04488eb67ce58d792983ff37f3c625a204323281,850
0x044a9157c17119eb476f564da8a9b03dfe5ac7f1,900
0x044a9c43e95aa9fd28eea25131a62b602d304f1f,900
0x044c53d8576d4d700e6327c954f88388ee03b8db,850
0x044c9a9b81b28f344ee80db712af9ee6f1bc65d5,1000
0x044f1646303ed25521cbdae0f37ca2b65d898281,850
0x044f4923a8251bf87281455eb95d030054771498,850
0x0450054af2245d1799292e4fc6c9da720822b417,850
0x045038d82b5c27b5c992994cd4129aa80fd1a20c,900
0x0450c0df7db64b4793b9847384ab3b95dd7983d8,850
0x0450d81146ae1eb15d886b0a35673dbb9e74be19,1000
0x04518072ea655451b801dfa3c1c2f4277dc5ba62,900
0x0451864cdd0cb179893eb91057da7746b5b1973b,1000
0x04526ea5982ca846bc7e4f87a1842f92e20d8995,850
0x0452d528c990273208cd331b2c14de884354ea5b,1000
0x04537c1eeaa19e1b8692c81ff68e9d403d0396ab,1000
0x04537ca12d92128f89716947a3fec9a2eb5b93a5,850
0x045407d52663df08276eaa6fd367f8608f76ddf8,850
0x04541945d4d64141a70d355c6775173323551724,850
0x0454b9c61747aa42a5c771f1ed9a665f6fe82917,850
0x04559672afdfbd152670d2f1f3f7d07cc3115089,850
0x04566bf9d24761ad1c8b9505bc801081a8159d64,850
0x04566e55bd811bf6e3e164a3ebe49cbc85369bcb,800
0x04569a1012ee1dd1573763dc024a99ef43db417f,850
0x0456b014da02c47c722742426192f8a0f4114923,850
0x045751c6c2dc89cb7d5976649eb63de2b2d77f5b,1000
0x04581b79bf2fac9ed93b41b8023271ecb86b6857,900
0x04588a77213469798beb197fdff9075fb4cef6b3,850
0x045896a702263b77d8ebabd6c51e826f0f3ebe39,1000
0x0459dda9eb7062e6fdca6293a4c363722fca6102,850
0x045a225d46de1f8fb90559cce505ca11d8a8c354,850
0x045a41a9d9cb0fc81cfe1e8f486e5c53a3b3ce8b,600
0x045a4fb9af81b5c09b519ec40e35d45314a556dd,850
0x045a6e99eaeb27069d2803ab28f2598cd03f016e,850
0x045a7405a16dc5591c263795f227032893ba76f5,850
0x045b0d7cd8e143619bd67623cf7129e1980fb492,900
0x045bedc7e03b75fcc818d423b3ef90c2f0ab8939,850
0x045c7ea70b3faec4b39b6f0c91e12cfd026acbfd,850
0x045dc9517d18e8f968f979bde60d2efacaf4d656,850
0x045e2a9db6ca319f6b667813c6088067eb52851e,1000
0x045ef516ff36cbb58ae3714a2bcd244d31695d91,1000
0x045fbe9cadc98c9d8935e3788303ab70328960a0,900
0x045fd671c4d7da33629475def9ababecc339c020,1000
0x0461c15ca570db9f53f6d5ccace97d0c8a70e5b5,850
0x0461fcc541d33ec0b3b7a7a0512c181ce2af6e65,850
0x0462096a2631fa4974713f0c0e29b43b510f6570,850
0x04621637c3a72db27d6f1fc1352480fd4d1e7b06,850
0x0462d63693c30e73e3646ade6f0aa44ea307832a,850
0x04631f939c69d8660c648b56b6e10595f0255b10,850
0x0463a70679a6afea907a90c84d732123c7311710,850
0x0464349e7012a83c965d672e9eca3896a1260624,950
0x0464a891a517c2be0bca86470b74babc985e9141,850
0x0464e9d70f1b21ecdf741ed3dba1de6d877d1b48,975
0x0464fb56ddf5dfc14b13d3b9c064f8732cbe012a,1000
0x0465130e29be525707f2e38726e1465d632efbbf,1000
0x0466354046c9f28cb0a6d9648c2b41609d24e050,850
0x0466c8e551c53ea1d554ea1dbfd32f154ab7f089,850
0x0466e01f9edb0fe882be01b0693f4daf107fc151,900
0x0467016de27a199a3372f3f9a71700ae09e515e8,850
0x0467122af0dd7d599f27e801b8145084b71b1806,850
0x0467661949ee9b85e78c5798731b2204e0ba2974,1000
0x046773a7aa676523f981676b67e9f01719ca9eb3,900
0x0468222405c1f78f80035c7a87254df9bb2a9381,850
0x04688b862e4343986ab317fcbba865dfab1a4bb3,850
0x0468c74ae65de29f1bc104d97560ae26ae7069fe,850
0x04697ab4b870d72ede8040dccb9186a58d16161c,850
0x046990dba8e405d8e195db1038b792279c56d7b6,850
0x046a09854fd98fb21fbe7d6cbf58153b55a39669,850
0x046a5a52eb9cd49f80fe73542e46dc675ae6cb0e,850
0x046a5d95317dbc2ae8ed4a0c370b9183d161a14a,1000
0x046ae0974283a9acf5cb4228a93d000c6d0ffd76,975
0x046afddbc4e4fe503ddd2b952f7d849d1270ab3f,1000
0x046b8f645b2a09f9527f191fbcb6491094668a45,1000
0x046b9d060f49400b6a6f1210ef191b019cce9030,975
0x046bbe099cfa0b6cc71d59d6e4cd38c5d0eef71b,850
0x046bdeec373e1d675c0d97af29195b63fc403729,850
0x046d749b3cf095dc2bcf9a82a9de43966b29cf49,1000
0x046f3d4ac4df2caa030714b79958661e04566b6e,850
0x046f8f1897b93398cd8b495e81ef0ababfe11d68,850
0x0470a2b7b6b48d5d8a8f42f8fbf10218ea416755,850
0x0470a46f57515cb7d112acde06f410c3111575b0,975
0x0470cd31c8fcc42671465880ba81d631f0b76c1d,900
0x0471576d6dc3e08b74de7408bcf406b5763a9eb7,850
0x04721424482164fbc54992e6642e228bddd154d9,850
0x0472fb73541e18716446b3c52d4221c8f78de7ae,1000
0x0473652f955accfa58787ba2770198826bee9f93,850
0x04737567bb285ac7c15244c9c9f8707d67d1e558,1000
0x0474101e1a5926a9d7295f80d2a7e4617dc6bf53,850
0x0474b7e51abbb836a44b68dc6382134bddce6538,975
0x0474f11e0367edde612e0119f62aad7695dd86d5,975
0x04752c1a5013a42b400548d56ad5e0de64387def,850
0x0475804706c2128de587e400bd725b75eec84839,850
0x0475a4b2c54cdb975278a8ba5977ebf07df8f033,850
0x0476f3ee277eb20568ee2369b337f3ce55bc558a,900
0x0477455e0e65928b993ba49bbbd5ce8d434fe1d2,900
0x04777caf984db9a9b94b031a72ca250ae885654b,850
0x04778c5867ccc6951cd5bb15583f59a545c77262,850
0x0479283a1751f32dc400615f5dd6799ebd304e6f,850
0x0479326c87da7a60d2b84f8ec73ea60f8df445c9,850
0x0479d748dc2516d61c04d4665b8d05d035d4dc95,850
0x047a1f7235a03aa9016061b16b54da901044fe0e,1000
0x047a96ef72d7ee6a3f193bdb92e998fb300265df,1000
0x047aa912135e7dacd4f761ce2de485eca88c096e,850
0x047be7607fbf63467e2ca66af84b1cffd69c7bf2,1000
0x047c29119e9322c10b0712ea80d49ba34776186c,850
0x047c4b0d781af5af9d64c16fb0c75cfd9ae1b365,850
0x047d5247698a111b34d7dde3282f07fd154cb759,850
0x047ea31614fc085ce7b80412fbab65fd51a8bb7a,1000
0x047f36f975bf17d79ee15d96fbadacf6c0e49dcc,850
0x047f78ef663432cd15d28c0b7098bd6236442264,975
0x047fb945951f9801ab087a6e7e44ce87361931d1,850
0x047fdc2db6ee901f154f60b36626194d2c2a68f7,900
0x047fe25b45dd7f73258d858971cfe41e004e6132,850
0x04803b46c2a8951a2ce0793d58db51b29656dfbe,975
0x0480b924a6f1018863e318af33c15f01619b7f2f,900
0x0480c86160aebcfd291466fac4433175d57d89c3,850
0x04819393b5f4bc198c2b68c4671c9b0dea36a68e,850
0x048257c85f457a6b22a30db67cc781676fa521c8,850
0x04826a8b3190c525602609bac98f85f28b3a56b3,850
0x0482d6bf3b83470ee4ee87c20a98d38249138e1b,850
0x048328090e7a51f106ad99ac2c8eca8519725632,900
0x04841cbcc7676ddfe8146e8ad3aa0a478e843792,1000
0x0484b2e7973130c0b31b482175c15a38d86e5840,1000
0x04859ae1248a198d87270ebb27e3ca3a2cc98595,850
0x0485c45ca2c7aef83b2cea8707874e38b5524e68,850
0x04868121d0d38eae597dd6b23e8d120775006674,850
0x0486b904c347c7794e70a37c8d53a67b64b38b5f,850
0x04873757ba72cb607dabe30084e4dfa6ca3c1b82,850
0x04874b6d702120d4a722e25d9cba2ae0790334f4,850
0x0487fed00e5f5e81507b1cd6e851b741a4a020fd,1000
0x0488456ea17ec42ad21df20efb4a35a37d710064,850
0x0488a842649b08a69392ee8fed93db6d3dc773bd,850
0x0488def629e5780e493829c28e704864cbef0b8a,850
0x0488eb591321625f9417cc3c21398c8d06ac9095,875
0x04895114da673f16d83a75e4cd3c64a68e2428c8,1000
0x04898eedaa574d173f7d7705168bcebcf3824e2d,850
0x04899a2bba1faf90a5779aaabfc169339744c227,850
0x048a81418e95b13b47b63f4a784a1ff5542e72cc,1000
0x048aa5096f91f6436ed3ac79e853c16a9c4155bb,850
0x048aaa70a3e351c9e3b487ba78fa03efbf062067,975
0x048ab378049f7763e5c728fe551ae19115b2bb20,850
0x048ad0a6d74bade422ae4080f17fc311d3aaec83,850
0x048b12903e0cc00b5bddbec2c76909cc6666c155,850
0x048bcde2ea3e9f4c14ce9ad83c96bbdc61ca2f4c,850
0x048ca2571ed3aec463d42cb6fb0f20f6fcb7988e,850
0x048cfe86325ecb012e4cc05495683e229eaca7ad,850
0x048e1e942cecde524fb35ebd625749b0be00f563,900
0x048f06d1afb5e43f73f593aab1b2a4316ddb5d9f,1000
0x048f5cb4c12107c37e2d028aa56315659f36ce47,850
0x04900d94ce6b1689922d8f0f672f8473aa49eb62,850
0x0490bcc64eb613b9f5b774f7e0fed4478d0982ab,850
0x049201b13cd2a316aab6edae90cc0f8ed6597ea9,700
0x049262af9167e1fd91c668cea2500eac72bd6df7,1000
0x0492641c71d27fc4ad2913abc02af5dae2d7e9ec,850
0x04936487d69f08a304bd6470c2f0cf6e6aa609d7,1000
0x049403324eaf7b38e6fe3bf547c1f9e13391ce3f,850
0x0494a6fe59e7b6db7cc4d8530f95f4f836e2100b,850
0x0494f503912c101bfd76b88e4f5d8a33de284d1a,900
0x049569adb8a1e8a9349e9f1111c7b7993a4612eb,1000
0x0495a81819e5fe5c6d737b8b7d974ffdbd3532d9,850
0x0495ef8dec406418adbeb8e66b78ffbf7fd07a34,850
0x04962bc8ed7ea4f608dedf636790035d058b1daf,975
0x04963f5707c9db2d613e8d402453f88a72f1c6d4,1000
0x049675d578aff8a085ea67947751cc2df717b863,800
0x0496c02f3d8eadbc5558913ef6dc5fff59077df0,850
0x049702e543254ea9f16abe9d6aa9b1d1e9efbee4,850
0x0497139c9c7c0faef171143f71b0fe54fa24dcb1,850
0x04973fe77a1f4ea0c3d647661fc0c95e11e538e1,850
0x049808d5eaa90a2665b9703d2246dded34f1eb73,850
0x0498ee7e380650bbe94857a759ae11d071683fd0,850
0x049940feda4277b7f01ef10fca0b975c541d8fca,1000
0x04997f327d508cc66bf2afbaec867a5b45fcb231,850
0x04998145f9615270181f46cacd96e3fb2275bb64,1000
0x0499c4984578346f1fafe15213c6f5b31bcefb21,850
0x0499f8afe7234321fd3da64116141431fc08ff35,1000
0x049a198dd6d7937a07520d6f0f6c3570d7b00d9a,850
0x049b8457a23bef5354c65d1cbbfa3bb897782ec1,975
0x049c43731aa8c4cbc14252e52af0e55c5a48df15,925
0x049ca02e4394a5ddea5ef9c3194d82e640187573,1000
0x049df4b2adb3260c5df50f4faa072fa821f0f89a,850
0x049ebefecd528c6580c11d00e353e52b49c56dd2,850
0x049ed9ff140a2ad73db0cbd993771d16e86b4b5e,850
0x049eebc628e60f804daae62df6c3715b9273b2c2,1000
0x049fa027e31206dd10b1ef184e7f564b41eef68f,850
0x049fd5a7f8d59517260baefa017b79c0ce19f0d0,850
0x04a0362b7c9bea7f14cbf1f33998ff552f731ce0,850
0x04a0457e163ceef461efc4d0c2a374bad426d1dc,1000
0x04a157b002ddedb4b3fdbf6b0cd338be5acfd033,850
0x04a2bcf8c95199866c4ccd9362fdee975eee406d,850
0x04a38539567837666eb4ee6e027005d14410386d,900
0x04a3d07f39b643948c39ad3d3aa24ef03a6b7cfc,900
0x04a43f4584372de76a0c687b3225ac6abeb63504,850
0x04a4a3260cfa79343b0d5165dfed70c3236fab43,850
0x04a4f6e1c8b1917fd9b937a44b5d35fc3e12a275,850
0x04a5f2cd0cdc04f4c483d3dffc71c218551500d1,850
0x04a610f9b627d61b1be63f6dbce3cf67ee38a005,1000
0x04a6b09c4708f4c94670cc52b15b3dddb6c7d04c,900
0x04a6b171582bf89567aa91780db5ad2479fc383c,850
0x04a72dd82489175d80e1c165e1aba1771955a0f0,1000
0x04a74af2379f0263a60b5df186e0e66d32c88539,850
0x04a8b2bc24fd83f62bf1a3b4365932e5a25404f6,850
0x04a965e6c08deeb868d46f4706c70f2df2a0e2aa,850
0x04a9674c700ebf21d4ab7dcbd5fc6ee6db08c398,850
0x04a9e17c30292cef63922a16dd24ce3893775ea0,850
0x04aa1e3a5c1a5b16d83694daa6dde6acfee54eb8,850
0x04aa925e6db233c1af8850a3dcb165ab328f9dfb,850
0x04ab33227e660e5f2e8263a030a00b71c9323bac,850
0x04aba30626401711e202d5f616cc3bd5fd436408,850
0x04ac9be993d9bb591192402243a45e1e9f72b1f8,1000
0x04ae0e27e25f13714dbd04b248b64dd748761b79,850
0x04ae4c5aa43f580c6648a3bb4624c73ccae49014,850
0x04ae8c108743167c7457073ba8c1571fd5d56325,1000
0x04ae99f5c4658cad9939c31bc45dd80406f8585d,850
0x04afc5c09a6f06070c0cdbaf2b2604e371f50f41,850
0x04b0a41216bb2d497f14975b2822033f7448e8b1,850
0x04b12ef29de958ef09e983938f51a52fa5f7c487,850
0x04b16c6a736628ce683a80c5596d31cc5356cc4b,850
0x04b195e405d68f64d1ec39cd6504dfc8ac048243,850
0x04b223027e2abc98aa863153c652fd9ee45ef855,850
0x04b2c599c7edc44ffbcd800cf946d5f46db7836c,1000
0x04b2f0087765e57f51ef3c91b2be23d0a02839a6,1000
0x04b351407edcbcf7d3eaf684be50036b27421a43,850
0x04b3ed7b273e9d71d85e364d5101652648be0867,850
0x04b432062e5c082fb32738f31fff2e635e6e7f1f,850
0x04b504db381e3058c6f83218501b74d647bbdbd5,850
0x04b5171a7265fe54b02418c345cf4ecb7a6deb11,1000
0x04b5762ee57e2fa1cc1dd2e13d284d0284f2d41e,925
0x04b59920172985237d8c10f2ee2b3dbf7d56154c,850
0x04b5c5d08ddef275535c5a95a62f803fc1cd3dba,975
0x04b6c3d520b2521ed9bf523c03967f4a28a32b50,900
0x04b6ea5a19b8945eddc4a141408ec34c2a55a34e,850
0x04b7e41c0ec19ae1572ad124fded5030d8f399d5,850
0x04b7f0bb0ec9de8313180276279984125e9c3f7c,850
0x04b80ffd9e33286ced79539f6e2a20ca45247833,900
0x04b8b16b405662a4d14e27d943036dbd31aab01a,1000
0x04b9164c0335c93939dc6edb65d2274e96129afe,850
0x04b95fbf82c747ebb71e9117c979aaa7ae0830f1,850
0x04b98ee207121943d1e76080a5b4b93345663335,1000
0x04ba162fac660a46e6b234413543a18cf101670e,850
0x04bc46819f14a5580ed913688666c6f589f55403,850
0x04bc88e5693ac863f9c693930354cf6a000ef077,850
0x04bcedca9d869d3d6cb35c8e5751160cea90ca4a,850
0x04bdc271b7afd68bbd52c9366880849c15ba42b7,900
0x04bdc83e595387020b8cc984cb0e51320f546d74,850
0x04bdfb9f9704694ca365b8e27bbdb7e093475340,800
0x04be2a942c1060db1c7615670bb55950a52f8b15,850
0x04bed630357309dc193bebce09a2ae1381166b33,1000
0x04bee613690e98a1959f236c38abaa5f2439b14a,900
0x04bef5ce18d1211e16d3dd30252f7eca71198412,850
0x04bf664ad34a7a838518ba3c22eb1174584589b1,850
0x04c009847728a5d8094b1c88954d5f1a39d02c75,850
0x04c0186b3414b05f8e6d35b8d51f01c25f10011c,800
0x04c172c3ea090370e7947415ea2d0ee6a486702b,850
0x04c18cbf703c72591f1800b52d801a948f55e00c,1000
0x04c21b856704bd1bf00faceae9a76af5742aa60d,850
0x04c233493c34a74c4739fc589b52d25c5776de4e,850
0x04c252241472f3ddb5dbc77017b3d84b425c3d1e,850
0x04c2596bb175752f87f3f41e7352543beec82edf,850
0x04c28766bf1e464f9a87432281d6a456342b7c3e,850
0x04c2c40c7ea88a5a45995542d85b9b21b333b26c,850
0x04c2e657cb2b0d86d7129819808430d889ed2660,1000
0x04c322117e21cd15163b9954eff247e9f32359a9,850
0x04c3611d4504b454f1309e0f523db8d0f95feac2,750
0x04c3ef3269f17c13df50fc16197df38f90c5c587,850
0x04c444bcd609e73fa141cdeb401f9b6ce83d7cbd,850
0x04c478f571836b5dbcf487f7936f3416c4df0b67,850
0x04c55912af70c59cefbc350eb864071f24835fcf,900
0x04c5b00702a584b793238546243d15f6edb61527,850
0x04c5ed69842a879976fb324716396c09a6470585,850
0x04c609ac41995cf128cde8e7835aeed7e8bb7d8a,850
0x04c665fe7d65749cb83076630cae591cb8ec8307,850
0x04c66a0474f1c6dee2a36fc6254f60989ba2651a,1000
0x04c6afa4eb74e06d5258c5a96eeedc60f24c271a,850
0x04c703a95f5d4215926e8b45668f709bcfef0163,850
0x04c873241fe90e09ceaa93cdab3cc5c55ab863cd,900
0x04c89b6513400df610c062f09bc243a743f34fd9,900
0x04c9029e4d939213902d632ba2fb6f4fe2cbdc8c,850
0x04c9481dd5aaf3a65d387b5e8c53e805c95cb70a,1000
0x04c95c6f8ea7ff7c3f7a2f148fae75650c5a875e,900
0x04c9a437a766af5c8de653ac66d61e9217a7455f,850
0x04c9b1744e0cc0e2879bbbb41b6a77e10625b87a,850
0x04c9ea8aaa2bf73bd0301a314d8d865b89843587,1000
0x04ca10d9c7fd91eaefbc8f78406162eb8b76bc28,850
0x04ca9d52ee6f8638fa959375b6963d080d4c844f,900
0x04cb9f14ec7372bc0cce89756a395787703d8bd2,850
0x04cc760c74225af2df2dff53f0710c61c22edad3,850
0x04ccad654b08f198e01402063ae2a2f1fc0fe6f0,850
0x04ccc2b6e312d9bd573b3885b4c2bfd29c5493e3,850
0x04ccd789d60c68242d38ba1691a5debe545d9d74,900
0x04cd1eed570dbc3ab3793b06160cdf21797806c5,850
0x04cd500c83e303daad0971760823fcb6f8c870e7,900
0x04cd5ffd4e9ef854e03b7e9fe865301b540048c2,1000
0x04cda19cb300c98a5ff01a9bafc907e8751268d8,1000
0x04ce10ad684ea76ea7bf024ec8febcc7bb7b89f3,850
0x04cf5e616dda9b78c09039cb39ccddb5631d066f,850
0x04cf852c910191225e836742eeffffccc4b99d1c,850
0x04cfb28b98f11cae504cf359c247ab64c21be05e,900
0x04d079566c66be71fa4a6a70ed58c65284f6f82b,850
0x04d0d0c4bf3ff7d5b54869b813a4026414b57f1d,1000
0x04d0f59c2b4e23210dd7f6ece497e732814e759b,850
0x04d12047150d1cf5f6560369261cdffc4ea65524,850
0x04d1cdf9fd1122f863126c50fc96cdfcb6400172,900
0x04d1e3032002bf14d508b9be1272bcd391991740,1000
0x04d24342c8b8a7310d9119d891c44b867187f033,850
0x04d25fb9b9ab1c310a20c74012f31a98d8a3fb60,850
0x04d34271e0216a8e3bab7598557112f70a06dc48,1000
0x04d3878b491afb02abaec1dc7964e69cd01781be,1000
0x04d3f7e620e40fc5e78ba88b1a1745d33e722a8d,850
0x04d636d093a0ec32e981c2c87b47ad8437f5c8c8,1000
0x04d7391040d7da7f5e9e04f78b3f516a0a0ceaf4,850
0x04d77f0bcc07515b0ba5d67bb812d6dcf1f1b2f6,900
0x04d7a4f5ef30dfb0b266376a4d08621540786c8a,850
0x04d8763310b89bc61ced6f4a86f3eeca7613a157,850
0x04d8e6eb0e3e3a7211ad92355c9c35e107bbc7eb,850
0x04d9d6934fa51db9f34afd7e65ca08a9d9dfd818,850
0x04d9f6ecd792e48a09fa5dc2138baed8e628a7e5,975
0x04db48ca88f936bacd571b4c4ff4e3b1f5687bcb,850
0x04dbfb3ea8b3a57a8e4bcec3af0269344b929f6a,850
0x04dc49397769e402f28c1e65cefcf31664a03377,850
0x04dc6792cdf6f04acf894780cfb486fd0987ae86,1000
0x04dcc7c1dc6cd28a3d7e1c16d6567643445014c2,850
0x04dd50bdd139a9981bbaca6451f79b22d5af3ecf,850
0x04dde662ee487ca57b13932a23352eb854ec36bf,650
0x04ddf96a61c4c44731f04df4e963f61cfe3c9c6d,975
0x04de57ea266868ee5ba9d98e744113d1ef889e15,850
0x04df6080e88b03f222a7297562428c5828a59500,850
0x04dfa904deeccfe06cfa698966deb2483c8b759e,850
0x04e086dbc437c49e89ffd74cd11beb59d49e6180,850
0x04e0d1a9aa9a0196175bd65c925de8975e0119db,850
0x04e143012ddcd4da17c439992614f51d4f2d367d,850
0x04e1a99f76658931ef68f1b6a948378834282954,1000
0x04e1d908395d64f429d57b7e848e4b63b1cdd91a,850
0x04e2100602d434733dd26d5a4d17257a89038df9,850
0x04e2b5c5d91f7f630d36142043d8a1752af689c0,1000
0x04e40c8f0b5c7e71d2eaca55387405326d533f56,850
0x04e45ee310048f79d0eb1d7efedaa45c1973dcc1,850
0x04e492d349e82cafdc314cc0d966592b6ee9df11,975
0x04e51339af9f53915c2ad3a955b13c9ba5a67433,1000
0x04e545de9c2079cc8b219c9a4fa15c9d0d1ff73e,850
0x04e55a3ae9d3083544409b1bb9809f983f67fbdf,1000
0x04e5b03ac3867124c0ecf5f079cf68abbd158ff7,850
0x04e62093139964b4f730dd93634ad193dc13ecca,850
0x04e68b05315dffd1b2ab7bbd2efec17623835017,850
0x04e6cc49e0aeb43a93278ab30be2fb6dc8911e18,850
0x04e6e7c324cfb56173d2028e18bf3207b169a71a,1000
0x04e81e32966b75f900c2aa2bf7f0c31f75c11310,850
0x04e890472a98d3770cd1b14c3717eb39a4978d0b,850
0x04e8a3412d46f8625005d8e320c45b6f3c0242df,1000
0x04e9191932a0f33c8c13eb760727139f73d3f0e0,850
0x04e9601bd84b0934af81475670ae5d0ab5e4b9b9,900
0x04e96cdcfbcce8c972c5f976117784933e0cc6af,850
0x04ea240f764d8784d76485863ee5accf9e336f9e,1000
0x04ea49503f7426021b1f1f82ee6ade6afa30b79e,850
0x04eae81b5fc871555f850f1d8c5e0c94d2791760,850
0x04eb9b28d200a20337a5383b02f8b19cd419f577,800
0x04ec042478e6aa2a0a655edc088f3cc39cf0a7dc,1000
0x04ec067d7fc89512e7b585fde128b0e5c423cf0d,850
0x04ec1f418d38fb0f849d62eacf9727ad9f8e410c,900
0x04eca276ed3206f92fc117deea34b7b02d95a805,850
0x04eca8193ca0a4ea0b368ad36d79eba7654262b3,1000
0x04ecaede106078c2948534c5fdf128941c7fb638,900
0x04ecb5f063d5ffbaf3268af1a3ccaac296f74121,1000
0x04ee01137811d587ecbef9262a8db2248666f341,800
0x04ee10fd378f7cad5ac5751d7cd0f42b13ee3b76,900
0x04ee321ee32021c6607a5e6421b3e09008bebc08,850
0x04ee3685ad086d8b06d07ea3a32a69e449b7bd26,850
0x04ee3835955923dd6d2ff0329e9c1a18da6b4380,850
0x04eefaeb6f90a5627dba307c15a65acf3e589573,1000
0x04efc3225aa96a0fcb977bfbada6712f99310545,800
0x04efe4bae2f7deedf8732cb2bc073e13bf8b5cef,850
0x04f004eb2431e8f79fe0c671c807ecb2f5cc71ff,1000
0x04f045ffe6b1bfed1f8897fbe64cee0e08c55b28,850
0x04f0cc7872e3a366fc937c3a1bbe11bb8d425dbf,850
0x04f14602b7d1fdaa374aef914bb161e5cbeba6e6,875
0x04f1d25968cc1ad76e773d1b06acee6c502c93dd,900
0x04f1fc616db817879898aa1635d574593f227b4e,900
0x04f240a979ad95e8a88286515c2d8599f28d71b5,850
0x04f254950c0edc6c302d0dfbdd247b2ebf303a7b,850
0x04f2622ab4624a554e3c036cce245508d10a24c4,850
0x04f273dde0c27ae188f81246bbda93f444cd9dd3,1000
0x04f2c1bc52e361bc08d4561996a9f2bd55673be0,850
0x04f34aafd1cb080f5ad336532223c3a058b3f0b6,850
0x04f36041728f59a4826229f8887aaacbd7ad4ab7,850
0x04f3b912d38ca5a151b69d7e00df3535fdbea00c,850
0x04f4a65b8953363a618e63802ffec52341ae2418,850
0x04f4d6f45d2132ab59a825b0ef294eef87a652bf,850
0x04f5a06edf6a92e77d6aa12bdb2c5c7517553fa5,1000
0x04f5c67be870758e6d5200a15f7722b471ebb821,850
0x04f648bb839033bba7c6341529bd7dd6fd6d413e,975
0x04f697d98ce1f8474e39080cd83f5f6c0c1c3566,850
0x04f6bf8745b567f40cc01a330f128b6a4924ee49,850
0x04f7668e8c18066cb8f5c808abc6a31776d45b50,850
0x04f8dbe39e3bc4bbdf514563f1e63acd040edcae,850
0x04f9badc15f3c5af9851b72753bf3f81c138199d,850
0x04fa883269422682eefb7dda4ebfd66859e0fe63,850
0x04fb136989106430e56f24c3d6a473488235480e,900
0x04fc359e0a815db4ee2498873da41a0143a594aa,1000
0x04fc43e8f4da7fbae135cb0ae73b8913d8e044d8,1000
0x04fda72d3a0dbbfa6793a604cedb5e5631750df2,850
0x04fdac80b3ca0b9066bd275f176dc807e3908a8e,1000
0x04ff89258f0a198a5e4eae633e23ec775c9e9bd1,850
0x04ff9dd102dedd2eff35669ee390088e7fc86799,850
0x05014b4f8d9230eee9660f5f6eba4f0597d6bd86,850
0x0501ce52054d546b62045da91647212e00d85f9e,1000
0x050484aa3d8c76fe796065d087d27ec6f65eeb2e,850
0x0504cced39e796912c3561e419d9853f2c8edb46,900
0x0505116ac892a4ef2aa69c564ce9e979ed64b365,850
0x050549548f99459d428600bee674a74694230e66,850
0x0505a6505a8eccacaa8df452a8cef062ccb5009b,850
0x0505bad45bc350d3fdcd670800343626696d5ec6,850
0x0505d4ef991d3b14402e72e1ab9e3aa59f55f922,850
0x05065b24176036224ef342720c6ed16dbd63e60e,850
0x05066984aed3b7fc5416009da73b484ed6ad32a8,850
0x05069a643656f4d38df42b054c3c25ce75c53cfb,800
0x05070c5b87fb811ad523053e8d0ddc1de663676a,850
0x050720de5b724af8082190ae387174f5fe472d4b,1000
0x050748fc07e2d0d53700c064080b9602ef427af8,850
0x0507e072424cfede022924eb8e6ad3e26144dbaa,850
0x0507e9f881b32d9d03b58f5e6830ddc8298c12a8,850
0x0508c3a6cb083b03d760a2cd7bd28a0a32a63e84,975
0x0509083749716b68f0fdb490a59ca62f2cffebb9,850
0x0509136da13c1775aa7237d63a63f435cdb23197,850
0x05097c27631f3c41237c7abef075c4b8e281eae7,1000
0x050ac21c63ee3edddbe27bdaa7a87b0c9f5fd75b,850
0x050b2acf987f60bbfac8a8312a5c84c781058b52,850
0x050b4bb9be40ce8f0780b3a4d119b6561a14caf9,850
0x050b9861eb66bbee28c7057c7af7b1a33ca50730,850
0x050bcc773c1dd7b78624291f1ca3facb690ef09c,1000
0x050cec6a33d5ee57eaaa8124bdb9bcb7e0d817db,1000
0x050cf8ea7593b7bb1f51c191dbcb75bfba775951,850
0x050d9f92aaad5c4fb676e3e4f233e18e6f167698,1000
0x050e68c5c08af60e96a029790429280173a0e3ae,850
0x050ee024a0ffd8b9bd383271835b27dd66c3fec3,975
0x050ee970027f0aa640f5aa9c41711cc0c8394c08,850
0x050eff11eb0b016fd8cf4d4f564584626f09ee60,1000
0x0510840e9e4c409e787032092cd6b5e254ac7398,850
0x05119e9c19a50e66cc085b2dd2730897f470747f,850
0x0511ff29c615e4b1065da22819195b7080a1ff28,850
0x051203d8cbd5bec7c146f2069732f2f702090bc6,850
0x051223e88f14ac86df41c922708e5cefda143be9,850
0x051322e63857114edb8fd44e4bc3f857455a04f7,900
0x0513daff1a6ce3102010486fef7d04b2c58b48e3,850
0x051464267416f04a0b38b081f7f6eb150a588dfb,925
0x0514b16bf0189ad858d11a0d07ff2c9184b43725,850
0x0514b5bc8f8e08e9fbbab3485d7c2da554b689fc,850
0x0514f902f3334cd844e622604adcf9925889482c,850
0x051682b8fe0c234966e0951432375155b292a5b4,850
0x0516cf37b67235e07af38ad8e388d0e68089b0f2,850
0x05182e579fdfcf69e4390c3411d8fea1fb6467cf,900
0x051886c7bef4b86906cb0994f14a4f6a1d120a7b,900
0x0519064e3216cf6d6643cc65db1c39c20abe50e0,850
0x05190ff26392bd741bb32dab2e595c91f5fb3fbe,850
0x051a3190c9342211eb311723b23b8c7cbd7b5a5d,850
0x051a6bf6bd50213d8b14f77dd427be815526f4bb,850
0x051a6fe65a216f7707a920576fbcbf5f5793d1dc,850
0x051ae28151a68cceea5e234694b82c913a802fb9,1000
0x051b2dead3264561e278a155911993dd2bfcbc81,900
0x051b903060920fc5751479a85ad5340587267a53,900
0x051ba1cf67593ea9e697a1039c549cc94660c4b2,150
0x051ca9ee1263a1d2a6d25d7c284a2ae9c3edbd7b,850
0x051cab78ddf14edf3e1d1f7c2603a0678c2391fc,850
0x051ccd4de7b36fcfeb4dc27d41c1072e49be2b23,850
0x0520e146a8eb11276ae1b4afdb9ab02bdb27b831,1000
0x052108739ecbdd1d5403b0a2b355ec923f571f00,850
0x05213c2454da275bd773f84ba56d9c10642c7df1,850
0x05220a8663909f5f2bd9ceb393d7f7bd7383c8af,850
0x05221bda932f2114920efcb7a4912c9168414b9d,850
0x052284d77bd1c34602ecec02b72ac2017e18d87e,850
0x052370f3278cd2ad96be34bacc1748ebf8c99056,900
0x052448ee943e1779101704f81e1284e4862d1942,850
0x0524849b35de1273b41918ce5c0f5b260a4bd033,1000
0x0524c91701fcc461c90b3120769b5f295f706a16,1000
0x0524e7c0c1ae860b58089c747544db7393a0e5d9,900
0x0524f2b8765ee3a1a033311ddc9e2dcaad34b8c3,1000
0x05250b39a5c97c289c79ce2c83f3af8dd60aa438,1000
0x05255995c8c766e4f71c48c0dd3c3e001d9a34d2,1000
0x052564eb0fd8b340803df55def89c25c432f43f4,900
0x05264ed450de7be1e0a4aeda3fb73d23e2abeb7e,1000
0x05275affa4b235deacf99e490f3834273c15ea8b,1000
0x05279be7b95aadfd686d24fcf6740869c81b7532,1000
0x05282c4ea521f6fd25e1b9c76473cea27bf6c978,850
0x0528f588718437c2bd3d9e4e1965bd570a4c7d6c,850
0x05293c6f76202cf49be925f9a0d33683d98cc4e3,875
0x0529f37ba9fd772949d3652253dd2f1dfc1c5e51,850
0x052a44f7e4213413b9b9440ded0175a3b43bffc1,750
0x052aa8fc90fb8b964a6b64440f0f3d2c76ab22c1,850
0x052afaf0299673d62d22fd60d585fb6f0284ec47,1000
0x052b70ff5218bad93364a7ddfe87d0e718417ad6,900
0x052c68abe8e4bf0b78925e488b98f6fdc18a3af9,900
0x052c84174b1cb5537644b54db4ddb01cbd45c209,850
0x052ca94ed9ccfe1f84844ec9b4705c13279f1fd9,1000
0x052cd92257aa17b3f965c4b0d3f51f0d223c6950,850
0x052dbf52c7343268d5fe56d226ddc0405d762018,850
0x052dd804d18dc7069beda8d0131e9675adcd28ac,850
0x052ddf34b4f7e8754425958ff14ac8b5ae4c4e5a,800
0x052f348a45620f2c26926d2b58548c7eaeadf870,1000
0x052f3e2d4982fd668783f2a04c17a2235c003fae,1000
0x052f97b6d5fbb925ec65f963bab19b444798b568,1000
0x052fc1d7121066a22c03f9332afca1653e0942e3,850
0x053100aa9ed77bca3ed27573ffbad2b7faa72a79,850
0x05315653e6e5bc09c383e71062a1387e1c5ce341,1000
0x05318780cf680ef49f9aa4edb40b628462029bd6,1000
0x0531f17900e2f7f4154becfeb0516007a09729ea,850
0x05326fde303451b63753075f3c091df65f9b971f,850
0x05327ca0590e721d5af0549ec40415d05155a2a4,975
0x05330bd13edbd6bb1f1ebede8d9f8b0fa592f0ad,850
0x0533abab4129b3a44ac45c8267d964cbfd5177f1,975
0x0533f08678d7d469891b7c0e99a2de74a062dccb,850
0x0534dcad8d4644b71c3d55ac6cb39b0cf7db207f,900
0x05357b87b83de577fbd15bf6db068bdf364268cf,850
0x053595adf7b7058a39ff8aca7184f947232be62b,850
0x0535da1ef42327b93c5e5b66899f492e115265e9,850
0x053671da56cb9f5c55698244c95fcf1c706a54e7,850
0x053688942c0eace50fca3f5629aa12024c09c954,900
0x0536c03dd61edd33916990937ee83396214af259,850
0x05372e0a7e9dfd298d104e33c1b04dd6952325ce,850
0x0537662ab0a0ac7d63898be68d4510bccecf67c6,850
0x0537cb86f771fe6f73655d06462547dccfc48709,850
0x05380b11e7518ac65774cf791ff2bf62f52932c6,850
0x0538146cff9325928f6394661fd6d0cc5b792edb,850
0x05385d702678e30c71fe795f9193fc12e1bd37b1,925
0x0538799ac9376cdd43c8a4fcb7541f395ddb70a8,850
0x0538e7533263c20b597c170926c49cf5648cc478,850
0x05390ba1f2c390fb4c69a252f9292e06552e76b0,1000
0x05393e3a9e6bedfb8d42af2e4087c7944359619a,800
0x0539b872df4e0bb8a7ff8566d61aa08530009e0b,1000
0x053a19dbc9fd177b7d71de03d9ff7475e89f9d53,1000
0x053a7bb6ac7d9948fc73758f4b817699225ee9ae,850
0x053ab16a247321e312f3a8a2a0a8abda48707241,975
0x053af8128054ed281c5183d435434cc043859160,850
0x053bb067126b2641a3696d0849b6957e99344530,900
0x053bd20363f94a4c832f7d3059fae9913558ecf9,850
0x053bf51527d1df69a86f5362605f46cb42170a1d,850
0x053bf9ab3b044137eff39be4857eab5e3a40a239,1000
0x053ca2dcbe7a5db7a86d6fadf6088bc56aa24f37,850
0x053cd8b1c0b52ffe500807739e79cd5efe4eb00d,1000
0x053d23c6a2e56621b4f3ecde0d00699a4e65b676,850
0x053d78c61cd973711447e080d9aece1805999875,850
0x053f4977dcda4506032c5ec230c31242fd123ee1,975
0x053fe1dc0b4635966e27def85934daf14d9b4c38,850
0x0540003bbd356a49bc2e74a3f8f872dc318dc46b,900
0x05404b6f8990a4108150366adb572a870b137edc,975
0x05407ddf01b09c3a04694bf34cf717934c03209a,850
0x0540a183be580660a4c7399311b080fe13b06a11,900
0x054161306434f11bc27a980745a7e35f5e99cc17,850
0x0542e8f95f765b81cd6a08db37d914f664db5d3e,850
0x0543c0669a824f5f4c1b5af7bd7dd73112656d39,850
0x0544c10cf254eede9711b9fb6cc803ff3c3bb628,850
0x0544ca49c5b41eaa5a150f44c158ea2018dbbe97,850
0x0544d1c4276d8b42281cf967698a1501fbd8a5fd,850
0x0545a605a6b0c42bb5bd01f918e17d7347095acc,900
0x05463e72f20d07cc76b2380d697985964d6bfa14,850
0x0547f0b062e31e283c58fb3b178523f4b26357f7,850
0x054a164d91efa1cf07c2f682d2c9d618c9076f85,850
0x054b08dbe43a7e1bf00a03ce4cc9bddeb356eee2,850
0x054b2fbc2a88bd6f7219de60848c85ca7783d568,850
0x054b4084307ba341e79624c84d808740cd229b8c,850
0x054b49656de7546c6b5b69155cf5c620618af6e3,900
0x054cd5c13b59ec46a33dc96dfb9f99d38fd94d53,850
0x054d29d18b24b116cf1ec97526fdf92244ffdb85,850
0x054d68e679dcc51ae2f9bd66d0e260947225d128,900
0x054e37b3dfe1cc195847a10cfe12fe9a524d594f,850
0x054e3d38670dd99c5404bd6dbb201f814d2fe4ee,850
0x054ea615e687932d8fe9d8aa12608aa2870727ab,850
0x054ecf2c2c0e21576b16f6b9877e0d9f18740528,850
0x054f16fa8ecc15dc47d22422d3d864eba43e87cf,900
0x054f3f0b924c04cffbb7da01758916c2ec2b8ab9,900
0x054f52abacec7481b912135356da0e893af5a36b,1000
0x054fa0f8cde92f9fe429a514b7f050763178b064,850
0x054ff0420b375e27e43998a97a244eaa51e5b1cd,850
0x054ffb629aae21f407a63e3ce78e9878d53c4450,850
0x055009e026b441f8c23fa03dd4956262c3e266e3,900
0x0550dec49ceb48508c847161bb2486fff347d6fc,925
0x0550f5196ec5c453f8326c7b9bbc3ae60acaac7a,975
0x0551a19e92fb396e52d65d1de668d6ed7c7d9202,850
0x0552dc10c2f60ad861a34073b6a6959776649368,850
0x0553aeaaa787ca5bbca6e172d3fde33957ff4b91,1000
0x0553bbd6525c779c8d7b529b85c1fb04183df542,850
0x0553d865f1b279d87fe296ad28af11b02a7274ef,1000
0x055403dfcc60b0cb1205bab91a9001700a969f10,850
0x0554408aad2b092973f5b44f4325f8fd2a1d8376,850
0x05547ef01188a7ce563d44cb26391f1d24a51683,1000
0x055622a2fda7d6f3b813adcc70a32203e2eabc58,1000
0x055673880d2f505fd0a8ed40ed0bb96641100957,850
0x0556817d5a64bff612ad0b13da3e9f026053b48d,850
0x0556ba62cf5325e058d1ab758f76e9c0bb201ed9,1000
0x0556d8577f44cd4aa6d0fd89b6670e6ca2fa7fd6,850
0x0556e7b4190a2a17cf5d1c549b2fed7f34622a8c,850
0x055733d53eb3ddfb8395e9c9856dee0ec26283a8,850
0x0557d5aeec6f2dbffdc2a4cdce59ae3286a2e896,975
0x05580b7f012c40f0ed632cac5452baf95e1628bc,1000
0x05587a5e2cc8e154373ad05db9738ab3e672fb79,900
0x0558ce4898b68ea1fc759fbfcbdfb902138147d3,850
0x055948f72297ed3b34a97dc35fa47b318cc7514b,850
0x055994e836a0d561af0cbc04b9d3a6682debd0c7,850
0x0559f1ea983c22b31da99d916b69bca76ec2d860,850
0x055a875cd844f04a2c2ee1bb72999d7e7b40761d,975
0x055acb1b90797996b4fa1f7605e74b84887e3821,850
0x055aec00dc22bfca3f2acf092148bddf218e1ac7,850
0x055b202158a09b979e283c46bf364906267b7a7a,850
0x055be3a0cff9bfefc49a270e6a4cf4ecf70b8779,800
0x055c23e9781d408895ce4d6f3f3fb6e5ad55f730,1000
0x055c5967aaf0b69868783c0527e526b7edc3f0fd,750
0x055d4bc9855caba4d63b3276fddb0334060c5573,1000
0x055dad607b7b17e3b51ddcaf14b69ec081bc253d,850
0x055ec9b317dd215d37330ba8f41c70bddbf45678,1000
0x055f10edf3684e20dca3c20c063c736da702bcfb,900
0x055f6af93f25e2fadcd2dd3e6bfe6cffb1bd4f83,850
0x0560f3ac84eecbcc480af7ebe93313da8f7ea414,975
0x0561141d896f112dddd1b23ffb86574a1a20d634,850
0x05615d12837d86fef13a82ba9667bdf7945ab86e,850
0x05630e6507c8cd2cffad16a4ad1e91d5cdc4d020,850
0x0563fcc76d4a53c1eeb2ba05655035c0ed04e152,900
0x0564172c94b328dbc7e138a4e6d7214351badec3,900
0x0564a1ad815472f0cb047f6b1b6f6003a25fe75d,850
0x0564b84258949c6180e6ebf4c5a8c9d3b29b444b,850
0x0564ecd1b6a8e3475f66e3f879ac5f26e8a56bef,850
0x0564ef02d9a6c0cd54ea09a05d1075defdb44a20,850
0x05650a088669d09a70c1fbc3cea48a9ceaf33f0e,850
0x05650c164aa6b7f73819f2df6d0dca58494f9619,850
0x05652f73f092d02985a3acf758e2841056fada7d,850
0x0565547f1f76a5453ff27730f390689479637cb8,850
0x0565c6ee1a948d902c45b4c4639a3c7db445a259,850
0x05679df1e0f5719dabb8cbbfd46d9513c93907d0,900
0x0567d99a4420b8da0fd91c5ecba78955c04974f0,1000
0x05682a10a7ff570e61ffc585042f3730f726c456,900
0x05683c2ca8cda1688438c5c75568ee0e2f6e750d,900
0x0568c540bc2382dffe1527046a2857c111840fd2,850
0x0569edc117504fa0a7fb925d63fc0f5d2de5fca2,850
0x056a2909f81c63a6b18798c335a3f593402489c5,1000
0x056a560537b780be6a4c35079cedb77822c58d82,900
0x056ac604d80cf08a97d6d17a6d637e02a8103ef2,850
0x056aedee9d9817627996c2e76fb08b3e180b8184,1000
0x056aeeaf2edcc549796287d271aad19fa44e6203,850
0x056b1e5ba8dbdc1ccb9f51c14551e7fe97f1e3a1,850
0x056c440156eae478b7532a79788a69ddcea63a19,850
0x056d7935d510c740785624591be14745aec5e704,850
0x056daa8c2878e9172dcf2d7054b075acce22d515,850
0x056e5648032e696461424fefbefd5660acc56d9b,1000
0x056eef32237b76e52da3b4268b0a77bd1c37404a,900
0x056ef71e202603e3aad84d42aed3632e995eac70,850
0x056f38256f23c1e0bf991b9eeefdfdf3eb64a6ce,850
0x05702d661c46a12e318cd412e2f164b3c35450f4,850
0x05717e961ce740ee2692a15a0f58f34825e8bb1f,850
0x0571b1369eef3221ea6769d93d48bf49d821ab86,850
0x0571c2fc7b5024f1efbf51f529e45625e63b2ccf,850
0x0572826741f58b2ffabc6fe2b196ea77993442d8,850
0x0572bb5ba631fad81c3d911cdffdabdbeee2735b,850
0x057313f0809f338763ddfc005e43ca7d9fac0a10,1000
0x05738aa4019e4bd797c4670fe66641ceaf88b2fa,900
0x0573c1458426e6c0baf682596a88b1ecfd1e5b24,850
0x05747b9294fdb5d9e4fb24250807142c82311c32,850
0x0574d93609ad75fa73eea91576a274873d8c3079,850
0x057536f8e7ae97f17aa5fd21bd7942a7fe152241,900
0x0575d52465bf30e9c0bfc3fd7256e4743a2f11fd,900
0x057639a8a802d8f5ce025dd6dc149ba1d17d234f,1000
0x05773554ce76136914c2623ff5a6cbf9060c9d4d,850
0x0577ba0a9145afa894becc8f2387711fd48a6e04,1000
0x0577d10320eaecd294b5d92ea3c4f09fddcf9943,850
0x05783f328f8d64bc7f230911a6605165a2300360,850
0x057880e32656dee0cacd1188cc231e13a80dac65,850
0x057abc564ba0e32611387cc3964d2c465c2018db,900
0x057bcaf22fe3994333bea7d27009ff27b95fb12f,900
0x057c1c29f1e071c8a4f92baf4255e8b76e5f8eed,1000
0x057cbdf52f285319235983ef77ad96dfc9ce9620,900
0x057d1a2b6ee1c3f1e478adb3059fd1541900e26f,1000
0x057d7248fcf362236e61b505868be9678b609538,850
0x057e26424db996ccf850a5e4d52d0c2457587d7a,800
0x057f4e2ed5cddbbe33cd90e821d28c8b3ff29796,850
0x057fe25001337cdfd44a7917fb999290f93e35f4,850
0x058029f046ce0868cd7045343d3f831feae523b5,850
0x05804c97ed9afda7533ec39f942dc2ba2d02031b,850
0x05805ef5b428b765d10916c6e65362cb141d7b35,850
0x05808c037e9f759096cf77a7f1f50a9f01dd5c56,975
0x05810cd51a819eb4cdfa4bdba27a90feec167926,900
0x0581aa730b3b1de111680591745d2a4c2ef3e064,850
0x0581da9ef60831bc65eccb0f335ec0daa80b4797,850
0x058228160fb88d755acc37e8dd0099a2a889b941,850
0x0582a627a632dbf689786b1e537d22062706baa1,1000
0x0582d6feae3fb27cb31826ea30a45f0e5b86ce7e,850
0x0583035204b3053085f8a5dd580f566bee4a89b8,850
0x05834fc3038acb6434e5930f351947af0d6431a0,850
0x05836bb87ccfe6f364b7ec7f821bf6431ff4270f,850
0x058440976f25ab70e3ed83980138806263e56994,850
0x058476edacb23e9507cff379e7dd8cf4dee4d2db,1000
0x058494fd3ad045bf0b7af25733555c64e742852f,850
0x0585a7671569aab97fe798ed25b3a03a148f9179,850
0x058607160117c0a9c2af83cce266a9541ff341fe,850
0x05861850bdb054b967c9405c4d8baef2e047473a,1000
0x0587a761fac209de0d9bb6e186fa21523582d028,850
0x05880d8210711050cd379851161297a0559fa8f3,850
0x0588fc09cfb90f057eb8bd46344ab483b7c42dd1,1000
0x058996b42aeff3012d868ee5e116e8616ccd8f85,850
0x0589a45d8e905150cb4f229cd30c54ef1202a84c,850
0x058acc4702748c7eddf2bf77831a0300f68a8660,850
0x058ae85d9747b3003366b375b4643d51c9100d0c,1000
0x058aebff10cdc3057570cfc360ab9754da0d1241,1000
0x058b0479324ccba9a002ab761bf74ed6ff361525,1000
0x058b0a724821bb506ebd683915829ff9db65542b,1000
0x058b0e59b6dd493ec3a7fd35de80c2f0a761d994,850
0x058b10cbe1872ad139b00326686ee8ccef274c58,900
0x058b6e3812f85da4468cf55d98361436bc8e34f6,1000
0x058b7ae6b79a769d365eb52883369b6fda899ec5,1000
0x058bea196cb4c1ef5019b0ae902fe3ed1021136c,900
0x058dc0637fb47ad027cfe61c41f51bc8dd62ab74,850
0x058e6cf8872e54f8196b0dfb354344906a0798a6,1000
0x0591a3e49be38e32391eec94b054e0e38857fc78,850
0x05924fea07959afc5ab178eb9de5403850299214,850
0x05928b30cdadf923980ad00655f89349d08751fd,900
0x05941c397545b80cc196fe139b989ab1be63197c,1000
0x05944805b5175cc70253ae77dbe63e3702dd82ce,850
0x0595088cc2e0fca96cd7815633d0ff2cd3e7bbc7,1000
0x0595228bced10a0b0f0654331c68a47f1952560f,850
0x0595be8ecbaaed83317629be7842884fdfd72b5a,850
0x0595dae9e1f07787c2595a87f267ab3b6c27ce7f,850
0x0596ba515818c72366468b40a93e38f8e44a4e2d,850
0x0596fa0d5905a2ff0d1d48e5a3ccaa965e04456b,900
0x05976ae3ab8e6b3b01039f616670d3dd18b440a8,900
0x05986ff3f0e4c621ba6484762f2d734201c33b54,1000
0x0598b27a62dfed32267c65f71d212636828a5599,1000
0x0598d15a97428f9b39b1e463b84142f8cf5f1028,850
0x059949cb13386014e50039c5750b5f160b0d2778,975
0x05995bc5736707208ebdb18bc5be812668b525b2,900
0x0599da9dc8adf0baa33b49aba6e560a9486e61c3,850
0x059a31c502a18b453acb1da46fcccc3d42509758,850
0x059ada41ed6f1b53a6e4328b2f561a43d69ddc08,850
0x059b254553bb97ca61a99c2bbdbefb594aa94365,850
0x059c258fd2f2d2883ae98da6c30cf609bfd6fc87,850
0x059c7e54771374cf7bcb433443be573e45fe07a6,850
0x059cb401dd05cd9abfe746ba3f695b41e2046914,850
0x059df01c9ce8a32c9a278fa65306cc4ac1e77268,850
0x059e3b842d48b5c37179903d12684b1a1ad2b1a7,850
0x059e51c98c0a5b89624e8c1937a001dbeaceda8c,850
0x059ecc2543ebee56fd21209a229969286840ce3a,800
0x059f81468793528b6ab5d33b79c6f77274f9a6dd,850
0x05a03c1a64d75016a870f5abde6c85539cd38ec8,975
0x05a082d4a4ae72304cb0518eaf460fa474f00620,1000
0x05a08ee67f851cf618de3922d2c9da56fd7838b8,850
0x05a09bd0798c0320678f760890731fbeac9b0b62,850
0x05a0d58fe46c6f113ca23d43e73787d25c769017,850
0x05a0fe42815aafbedf44e623d639ca097f29701e,900
0x05a120746daac8c26b234a7387ec17ba6df9079f,750
0x05a1426afaf2fd88fff3f6de78c0544462dba3e9,850
0x05a19e0c1ed3da29eb0cc4f2e79dbef594bfbbc7,850
0x05a20d98ca4196687b9dc5305e1f4841d4cecc7a,850
0x05a28038dbc46d2f7c9e819d0ef6380499bf54d5,800
0x05a2b91edda4d53f8546fa29eff0b9a6a61bac38,850
0x05a344b63615ff8e48d70e067738920a84cb2fec,850
0x05a404de8ddc44db9c9d579fda11e088a66fd1d9,1000
0x05a46cd17bdabb0b230832b93b3f9d72bff942ea,850
0x05a4a3c1fe0916ec75df97a03cb0d8b8408ec402,1000
0x05a5512222dbf0a2227187ea096bc39b6b9b4991,850
0x05a5787e3bd8478b9ba08a0ef2036296bc0edf87,925
0x05a579affa31012fd2af5f479c5ba8147956ed73,850
0x05a5a6087274ddaac3b52ebb6935866c650a9083,850
0x05a6cac0b7e4b030c2cbbbca93f72e3b203acf06,850
0x05a726aff20ab6b723a147fcb19d3fa6433d627d,900
0x05a814ca775fbaa70d568cd825ff8b3de2e14dea,850
0x05a878a8cfe334b909c5108775b6aa23745f390e,900
0x05a9015530f7e4261797b1506af6fb4d8981f918,1000
0x05a97d4b9cda015c407da6ecdd2afc5a5353f00d,900
0x05a9c57436c5e002624a71df1a223b750e1aafa5,850
0x05a9c66e3ebce844800db7f1e5c9b3892541fb4c,850
0x05a9f15665e735dfc5821639cccd5713ba3ef1bd,850
0x05aa05b10fa49bf1c1ab11c5857ec0706680dd85,850
0x05aac88cd537c90a6c694f6ff4bebad781b45859,900
0x05ab23f254285f98e358dd78138a270fd0485045,850
0x05ab8ff4726dfb3d965dcf606e570b734d66254d,1000
0x05ac24636011b12ffbe518100e26e25072498f0f,850
0x05ac4029c54a5622b6ef4114308cfced60198aa3,850
0x05acb1438730ca2e4ae69689c82a00731752a400,800
0x05ad1db106f533995cbf40dc6d9694ba80ef0143,900
0x05ae01015bd81d82e90c0263c5a90a948bef4bb9,1000
0x05ae85da4be4a3852e8b67d3d40daaab939badb6,850
0x05aeaabd4b221dc741b0213dedc1c2fe3613e2c0,1000
0x05b024e370ae7d3e3678a52d5fb68ce9c4ab30f5,900
0x05b02f5f36da0730785f75086d55444239a8089d,850
0x05b033ddba3179c3de5937e76665e5980de7df57,850
0x05b048ba2f157a628eff029fbf949427a67b3b7c,850
0x05b0b833b8fb2f90cc00594f73fc560e6542bbf3,1000
0x05b1682594fd90d2683be14e47d6e6b5ef3c0ae2,850
0x05b16a13e7398292cea99546b07551e94f120b31,850
0x05b2429b8ac58bb93c7385b62799f11849a8a11b,850
0x05b26f4df5372eefabb23039b69e2eabc8684666,1000
0x05b2ad74e7387fa6a6feacc6465f7c5ccb4f9803,1000
0x05b2ff2ee8563001555cbaff43edd2e179116eb8,850
0x05b3395258d0a15d43ea0b101205cca5327c451b,850
0x05b43571094e8613c2e993b4a8534ef974e84d75,1000
0x05b4600b2e54b7bf090f39c2c6e7c70d0a571838,1000
0x05b4716b4cd9913274981bdca37e0d8109b8e880,850
0x05b502f8f602672c14e4d2a7ee0a5d1941fab83f,850
0x05b56b2b0e2f395f2f814c09c845ecf656b80b1d,975
0x05b577839fc3272bea6c3e62033a5b69d2679d87,850
0x05b605b02eba1c306bd1d7e83d282597849ef3f6,850
0x05b62442eebb2308ab39cf2dbb115fc47b633c52,925
0x05b68b3510021ebd6e2f1f49a1d4574437853602,1000
0x05b6fbb7474bab00995346330fecff766b275618,850
0x05b907bf39a7fe8704809decc5631603df28b229,850
0x05b95e058f04185f3aa8c47f025c2ce00a50ad6e,975
0x05ba97e1d4c3e46bf6c63fc7470dc0bc4dd38440,850
0x05baba43f8be0876b72184b680d653e31adb1b65,850
0x05baf63fe8b7f6bb8e00655b052a709b388d53d3,850
0x05bb0a35417765cf7b2fc8db8d7ce7ec2d58400d,850
0x05bbf0c12882fdecd53fd734731ad578af79621c,900
0x05bc47b7ca092a9219a5a9bcaa9728de55e4ae3a,925
0x05bc5bf93fb199f423b080601d04cee4df82a3db,850
0x05bdac85005e75c04d5cae59434a9e4182aefd90,650
0x05bdf051fd2bdd05d366ee1ae4c02733c6823cc6,900
0x05be3fbe36e84b550f687afa6f65b78884792e9b,850
0x05be4b528e49d3315f2e98343b70197805809327,850
0x05be5be4e9a8f3d2592e36386c9340d1ae330d68,1000
0x05bf2958c314fa1e1d9a64fe0cb16a12c6304f9f,850
0x05bfb595c8eab52456f12ff1bcd10dba0c79b0a1,850
0x05bfec210a3c026b51fe973b5b7146294631c050,850
0x05c001fc9f8bb3f2de12f4901532aec7cad3d446,1000
0x05c0498541807d238450690d4d8a0149e0a84e4f,1000
0x05c076e25257f40410ba317aed8a5f437a524a86,850
0x05c0a11695e17c3d70a76d597d596c0f652ff9ea,850
0x05c0be25b708d2cf776890361c458f04f8285979,850
0x05c15c999355b8a0e15e3fe60fce60f149a6e039,850
0x05c18ffc1c74cb67cb26bb5222aaf3355b74bbc3,800
0x05c24294b139c9cc6cf7d3a719ac9898ce3f2bf0,850
0x05c264e0c7749b60d79c5924e89f62bc09c2f1f3,850
0x05c2680073732e7be85c1e0a8dcc47704db5ba7b,850
0x05c27519d3c87146fc0c9c75c3762e95402416d2,1000
0x05c2879f011db90cbe5387c8415fc8fe5e81efda,1000
0x05c29a135e4ec2e86cc6edc50f3df2f074d7e976,850
0x05c2b46dd6c07fa45684e1048e11b0b984656565,850
0x05c2df41d143da3fcefdf3f435cfa39cde7210ce,850
0x05c3739cba77cbe93ad664e845edb45bfde62df5,850
0x05c4853a809c29c1674474f7998556ef1e2a1af5,850
0x05c49ea0823e51503cd782a88cbf36d8db54d562,900
0x05c50a9d2757d7f0dbe29a62c6014416f5305f33,850
0x05c52cd5d423ee6f17334ff54ade74291d89f678,850
0x05c6df5d4cc1158629ffef15d67e34eee73a77b2,1000
0x05c736f2742488470f9837186689c3b212d9459f,900
0x05c74e7e87637eddbe6479ca006f96acd5870948,850
0x05c78cb90daf80eb6c57ae8657d8089e91345be4,850
0x05c7db85dd8471a25fc6b34dca4aed67ba518a49,850
0x05c824cb84307759b21a29d95b1066a9d1c29cab,850
0x05c8f94d48672c9304d0774e164bbfb03beb78ae,850
0x05c932400fefadbcfc589686f48506db5965da99,850
0x05c985db49d9e29aa66b465f18c7c6dd244e9774,900
0x05c9c5709ce386ced020d05d66b963af3acaee5b,850
0x05c9db563db8e38cc2899297da41ce430b61a484,900
0x05cbeb96622ec258fb0525a9bdd16182f9264df1,850
0x05cbed339b897c1d53ddbf9881087308f02e41c8,975
0x05cbfb4688f53601d515624c6e65df0fb8ca5769,850
0x05cc45d29dee48eb6e8620b508f7da7e118782f7,850
0x05cd14412ccd74f05379199181aa1847ed4802fd,850
0x05cd49807e99379a1fa15d44fa5b3239f3432999,850
0x05ce0c6ea73606fc6340943562550f12e764dcd1,850
0x05ce267f3583e5b46b0daf8ca1d63b322dcb7814,900
0x05ce7c47431bea9dfec18a7c0b5a0565618c9cc8,850
0x05ceffd4104ebc52638778968733d4fec8808060,850
0x05cf1fab07d66d0755e770a3f3951cbe2467b4f9,850
0x05cf60b657103efcd42f75a5e10a29a92e181f4b,1000
0x05cfa2830540f19d57fd16b3ad6d5a18cad878d8,850
0x05cfc5e72e8b7012fb9e811abbd1d66a7ce3e409,850
0x05cff72c988ba507e33b70405a0e20f392b794db,850
0x05d0bbe8ec0e32702d62fda162c5828b5652fc07,850
0x05d0fcc6bb04a28d0ef9ad7e7cf27360ddbfd193,850
0x05d17cbb6f077c6ca16fbaee56d61fa8e639090b,850
0x05d19dcc556638641022b35d3f5c7e25c9b1b7c2,1000
0x05d25d6b85302347c2e8de4523576bcd7e6bdf5d,850
0x05d264cf6873f6d53dc1eb914f9a63b9106c10d9,900
0x05d2bea5d43181387d7fb5827b29b0904f40c8ec,850
0x05d2bfc5fb23ebc9fedabc72e244de6ab7cc8d25,850
0x05d2d40448ec264b542a3b2c308789796bce9e1e,1000
0x05d2f53c5bd50defe43628e01197b47dcfa1764c,900
0x05d373d910177db708cded252f6129f9ab7890b7,900
0x05d45037ed91c3a6ed96935ec53e993c9cffb610,800
0x05d548cd9be2e4c13e293dbb8b7831df276ee569,900
0x05d567f041a05d72f455164ff9a1e29b4569d2f4,850
0x05d57fb285311a1b5339633a58dcbe525c53fd3e,850
0x05d5b5d8f81b61ae473cf223aac694f13517a939,1000
0x05d7019693ca6ce077a20b89c7b392053f440885,850
0x05d7e7f4dc1f0fea57d645c33857696888379655,850
0x05d819ced977861e58639eefd74d8f29cb300707,850
0x05d86155059212345aeb0224ae0b717b7099dfd5,850
0x05d8da465be1352d4e4a67d6c3c226f427021b4e,850
0x05d959ff10fd30616b1b23cb012f2f71cd6c42d8,900
0x05d9c7318e4cdd6ab6b04b135b628a290f9a47dd,975
0x05d9f1a8b7f8aac18f19f88f76e18972ba8095ef,850
0x05da09fd7515bd600b89b89c0039d09bd91bf0c2,1000
0x05da0c89d3f38528bd5ff5a4d271e50e664401db,900
0x05db3ffc9fd3f5bef6e29ae05add64a83bbcc159,900
0x05db7e001f6650745dcff8044d3e5ade3af4c03a,850
0x05db890722dcbc2d386d782692969e78c1f7febf,850
0x05db9d4ed8defda92a61970de6e2c02f1befbc89,850
0x05dbde7fe248c7f51d9e87063c4d5c4ec3322a1c,850
0x05dc3b4365d5f93d815a662f8c0825ec9cd34e72,850
0x05dc457a6aff742839eae0f992a1c9da4586f144,900
0x05dcb24761e5f9d3e8138f811e4e06db7104478f,900
0x05dd84aa953d75c659147045260352d89941e75e,850
0x05dde6c57ebb98610db7d17afe3ca6d963182b9b,900
0x05de2c64e8b7d2b85c1e45843c3e97db0d3dd0ff,1000
0x05de6b96c344983c4ab6efea9fb0fb4b6a532e31,850
0x05def9275be6c09e67a37d6279d376836320c556,850
0x05df207c31a393fe4ddece3dd48f00613727ca4c,850
0x05df82067a9c386c6e940ae135504266c59d0ab4,850
0x05df96c1967cd2d0d6e7ea80cf110faa37aa3f3d,850
0x05dfa941764538a29be71d32a462ae96facffb02,1000
0x05e09b56ec91620f9bab354c573712e446f8eb11,950
0x05e0a46a3a96478f8c6915f57e8089b3397e7cea,900
0x05e0ecbd7d549036d64964e243edee92954a946b,850
0x05e1bacfbc6ed227054401ae22f2ebe12fc98186,850
0x05e1bad6e50b12c633410243d1f6f83e72fdb624,850
0x05e1c452e571e7edf1a5aab2fffb16de322cb373,850
0x05e1e0e85756cde16309083dd223948b4f34b813,850
0x05e1f287dde4f9514ed22000a62a45b0da9dc409,900
0x05e2461c8c10138aee241268f28de6003d3dbadb,1000
0x05e36927724a9d523ebd1e1b7cedb0f259f455be,850
0x05e422ae83afc05e503c068f7be265bcd844170c,850
0x05e48184dd108b780714184f5e502137365add6f,850
0x05e49ad86a0bcb71ee7382f7e6b031a6ce0f6c89,850
0x05e5a3e89794434042d4b8e51853fe28353f3343,975
0x05e5ab383f3c2d423cfd118b83420261ab0990bc,700
0x05e843051a31c0abd1fd35b5b08ead0345c3b7e1,1000
0x05e8b27dfc779b23b9b43a3b65d763af22ee2b8d,900
0x05e92f4ea55ce9a333a47689911b13407f82d81e,850
0x05e9e2624a9c70efbcf9d51fc169d304d3d5df8a,900
0x05ea34e37b28962b9f17fce9cff68637ebb80e58,1000
0x05ea3953d9e20d90b84c55311c6a989e68d1244a,850
0x05eb8a2e940df49b71aefaaefc0ff317135eaa58,850
0x05ebdbd59a1cde6b913a4d7345e6a8de1ec9ee30,1000
0x05ebdd6df09501627b6fe9919805116cfcf14b9b,850
0x05ebf7b089a859af295b4f4d96673edcb5ef6621,1000
0x05ec08e0f92b0077e64ae43785b91ac248889629,800
0x05ed5e22bbf41969b11b3690700c8583b3844e25,1000
0x05ed735c93879d84d082425572fe5ff827a0db56,975
0x05ed9694f8f17d71d6385b891ba4c799394d9e44,800
0x05edd5d14eb0dd90902dd0bc85ff606963c36164,850
0x05ee3c534b3c640889148539568847b034424be8,925
0x05ee92b20265f364620710d8ffb416784e1d18f8,850
0x05efc12df01a04a1e92d817d4bf5447178cb5f2f,900
0x05f0397c6dd5eb63b5ad51f9e7e87d0823e7632a,1000
0x05f087b8510d203f1a4ab22ce8ca875a9478a3d3,850
0x05f0b984052bafd32557c5edc33dd380c2e32762,1000
0x05f0ba0f63b401bc9b86089265cee2f79c955768,850
0x05f1d03682e1f5c7da8028a2c0bdc73eded4f033,850
0x05f21f7f87849d71fe5e9958ca374d5ede017901,850
0x05f2cc77c8814053df4a2f3f2dc912afcdd82b86,850
0x05f2da0c2c5472bde55483910e7dfd8ed004da0f,850
0x05f37b9818dda0546fce45a149f5c9495bfb63bb,850
0x05f49042292c9792d182f6a524c21585c96c2df6,850
0x05f4ccfe7747aa083954f54c6c67e93882c6428c,850
0x05f51dc944dffd85b33d6cab7ec654bb35cc9fc5,850
0x05f5471afc2822d6a8a72bffeb8d809518e87e7c,900
0x05f54eaf83bb7cb628a6424beb527eed605ac610,1000
0x05f590fb73b66c9a681101e8bbd868975fb2b3c5,900
0x05f668b4dc0a8d66cf8b4fe552722d9e2202d818,900
0x05f6a9e135b8c6fa89b1c4b98653bfe4e58c4893,850
0x05f705c29e66ce141cc44150a9f7068a1d3f580c,850
0x05f71f76916e215db35e436556572c7d870f4f45,850
0x05f78c7f3e79c3a6c453d188b013e3812e52cabb,850
0x05f7ecf97b445a44b25ed19cd81f6e254c6ea7ff,900
0x05f86353c6b6cfd4070bc811e135c234e1d77cd1,850
0x05f864aea649d17ce380248864b2aced4f67851d,850
0x05f969a403048494472e402af9a18040065ad7ac,850
0x05faaeec0c95c706fca67b25cbbfb21a783a0a34,850
0x05fb5845068ab806510bc2b3d13c78e08fa6e988,850
0x05fbbd0bc6e9570aae0a0e7d8cb3de9a2ae2b6b4,850
0x05fc1b756b87591676b0970442fc6281db12e812,900
0x05fc68f4b7714389a17128653f82d50bee98e542,900
0x05fd3ebceeb2b571876cc77c898c512e14e2cda6,850
0x05fe433fa225928e856966bf00f1270281e6f663,900
0x0600ae45122546e01397ea4ce8fc0ffe1cab372f,850
0x0600de154559da51a7b68388cedc72bdda941ddb,975
0x060107c887eba77cccf5ddbcd9631e2371ab6f22,1000
0x060253f772bb050ad5439e5c980356df02cf0725,900
0x060265b9f30a8e95a37a7ba755e38e3e08d8156e,850
0x0603f558cda9a95cc297ab38e08438298ff8dbb9,850
0x060557d6362d3f7e40381571fc85525c61c064c8,1000
0x06056feef38a0c5ec0a1c7c8f3d4d4c06023b298,850
0x060583d3080d1f9c92cfd8985d723b35972bcc73,850
0x0605cec3dfeb1b5e4d850fd094a34d66f49bcd97,850
0x060752bfa4e4f03f7a3cff4a069ad8f234068619,850
0x0607aa9076c72dab964a04dbf73ef9ba58206997,1000
0x0607b97b63fd136e2cc4706574fcc5f6cae8d5cc,850
0x060855029c9be17b6f13e9d6a12929ccb9846480,850
0x06089bceee94a485c61b311cb61934d5cf8a684e,650
0x0608dd91be17e1ecbab078a14a075bc8e9ae6b95,1000
0x06098dc30b09865b5eaaf0a40dd373c0fbbf2741,850
0x060a8f894509c0d83fa2c5dfe01cca5d3a83ef6a,850
0x060aa29adb1e32a4d5471461ea5e9815028a82c5,850
0x060ad357c1f777fb031e7404ac26ee88b5a704b5,1000
0x060bb7f9d479437099cd521df4f5051a247ab3ae,850
0x060bbb0bcc744293a1e7df8dd7cc2ec81951bf94,850
0x060c5656a5cc445369c20042e57716e08789652a,900
0x060c5955567657dbc9c2374e4647bf9d10c011ac,850
0x060c7f117b1bc0f056b6c198d91dd5cc3b482b12,1000
0x060c9c259134e0e5d434db7be18a1e98248065ec,850
0x060cafc9f21db4171257ead799edb2fbffa56899,1000
0x060cbd27bc12765e1eaad4097ecb535c6444cb61,850
0x060cd95870d75c91168f12a451d71c3231a79c66,850
0x060cf7710b40686fd903894b9f65d10589d73f28,1000
0x060cfcf2bd89aadaedd2f2b4760466ec1c57377c,850
0x060d0cc814854f60cc6ca2566a047526a85f1d9a,850
0x060e95ef23d06dbacfe4639fd25c6020b1d879bf,850
0x060ff445d1232bae747fc927899dc2b59331a484,850
0x0610be26ebcad7c6bd2c4fc21017583acd733b0a,850
0x061122cffab0f594d3689865e935b2961f0a309a,1000
0x061150e5574716dbb1a2cdf54b3dce9f94395f65,850
0x0611afbf50787361164004b2596719e5116b7315,1000
0x06127311a4fb86ffdce6f781d7db183e9c2a3d34,850
0x0612c30d06853fe2505905cd610d985b26976da3,900
0x0613036cbb45c3eeaabdea389df101d6022f3684,1000
0x0614d8ff2f527455e8fd8b4ed88abf3eab918f76,1000
0x0614e07756390441cb246c886917487840e74f7d,850
0x0615774010b017e7ec09d228ef37d06564a1d825,1000
0x061667d49211840a590513f622a92ec170de7879,850
0x061716a85aba5e37626e4a2c33596d59823d30b8,850
0x0617d8b4509d856bcfd0870b1bb27c8f68e1d536,850
0x06185db89f5c8ef5e5a0abc95c5cb69b54c33f30,850
0x06189341e523a52ae10c4bd4a7774371fac1b249,850
0x0618c450370822c5cb25ec143a3008230d8e2c12,850
0x0618e615c8c9b5efc8c8eadc68be7182bdc455e2,900
0x06192f889f17bf2aff238d08d8c26cbcfcc7b45a,900
